Webots Project File version R2025a
perspectives: 000000ff00000000fd00000002000000010000011c000003e8fc0200000001fb0000001400540065007800740045006400690074006f00720100000000000003e80000004500ffffff0000000300000a0000000193fc0100000001fb0000001a0043006f006e0073006f006c00650041006c006c0041006c006c030000000000000110000005a000000193000008e2000003e800000001000000020000000100000008fc00000000
simulationViewPerspectives: 000000ff0000000100000002000001730000076d0100000002010000000100
sceneTreePerspectives: 000000ff00000001000000030000001e000000c0000000fa0100000002010000000200
maximizedDockId: -1
centralWidgetVisible: 1
orthographicViewHeight: 1
textFiles: -1
consoles: Console:All:All
renderingDevicePerspectives: Little Bicycle V2:camera;0;0.760417;0;0
renderingDevicePerspectives: Little Bicycle V2:display;0;0.80625;0.501921;0.00531915
