timestamp,roll_angle,steering_output,final_steer,target_speed,actual_speed_kmh,actual_handlebar_angle,p_term,i_term,d_term,error,stability_factor,vision_error,vision_steer_command,vision_speed_command,vision_p_term,vision_i_term,vision_d_term,vision_active,vision_mask_coverage
0.010000,0.005,0.009226,0.009226,6.000,0.00,-0.000019,-0.009226,0.000000,-0.000000,0.000,0.006,0.000000,0.000000,0.000000,0.000000,0.000000,0.000000,0,0.00
0.020000,0.005,0.009601,0.009601,6.000,0.29,0.000923,-0.009601,0.000000,-0.000000,0.000,0.006,0.000000,0.000000,0.000000,0.000000,0.000000,0.000000,0,0.00
0.030000,0.005,0.009969,0.009969,6.000,1.86,0.001791,-0.009969,0.000000,-0.000000,0.000,0.007,0.000000,0.000000,0.000000,0.000000,0.000000,0.000000,0,0.00
0.040000,0.005,0.010325,0.010325,6.000,3.43,0.002609,-0.010325,0.000000,-0.000000,0.000,0.007,0.000000,0.000000,0.000000,0.000000,0.000000,0.000000,0,0.00
0.050000,0.005,0.010645,0.010645,6.000,4.69,0.003380,-0.010645,0.000000,-0.000000,-0.005,0.007,0.000000,0.000000,0.000000,0.000000,0.000000,0.000000,0,0.00
0.060000,0.005,0.010933,0.010933,6.000,5.70,0.004107,-0.010933,0.000000,-0.000000,-0.005,0.007,0.000000,0.000000,0.000000,0.000000,0.000000,0.000000,0,0.00
0.070000,0.006,0.011194,0.011194,6.000,6.50,0.004789,-0.011194,0.000000,-0.000000,-0.005,0.007,0.000000,0.000000,0.000000,0.000000,0.000000,0.000000,0,0.00
0.080000,0.006,0.011430,0.011430,6.000,7.14,0.005430,-0.011430,0.000000,-0.000000,-0.005,0.008,0.000000,0.000000,0.000000,0.000000,0.000000,0.000000,0,0.00
0.090000,0.006,0.011645,0.011645,6.000,7.66,0.006030,-0.011645,0.000000,-0.000000,-0.005,0.008,0.000000,0.000000,0.000000,0.000000,0.000000,0.000000,0,0.00
0.100000,0.006,0.011842,0.011842,6.000,8.07,0.006591,-0.011842,0.000000,-0.000000,-0.005,0.008,0.000000,0.000000,0.000000,0.000000,0.000000,0.000000,0,0.00
0.110000,0.006,0.012026,0.012026,6.000,8.40,0.007117,-0.012026,0.000000,-0.000000,-0.006,0.008,0.000000,0.000000,0.000000,0.000000,0.000000,0.000000,0,0.00
0.120000,0.006,0.012200,0.012200,6.000,8.66,0.007608,-0.012200,0.000000,-0.000000,-0.006,0.008,0.000000,0.000000,0.000000,0.000000,0.000000,0.000000,0,0.00
0.130000,0.006,0.012368,0.012368,6.000,8.87,0.008067,-0.012368,0.000000,-0.000000,-0.006,0.008,0.000000,0.000000,0.000000,0.000000,0.000000,0.000000,0,0.00
0.140000,0.006,0.012533,0.012533,6.000,9.04,0.008497,-0.012533,0.000000,-0.000000,-0.006,0.008,0.000000,0.000000,0.000000,0.000000,0.000000,0.000000,0,0.00
0.150000,0.006,0.012699,0.012699,6.000,9.18,0.008901,-0.012699,0.000000,-0.000000,-0.006,0.008,0.000000,0.000000,0.000000,0.000000,0.000000,0.000000,0,0.00
0.160000,0.006,0.012870,0.012870,6.000,9.29,0.009281,-0.012870,0.000000,-0.000000,-0.006,0.009,0.000000,0.000000,0.000000,0.000000,0.000000,0.000000,0,0.00
0.170000,0.007,0.013049,0.013049,6.000,9.37,0.009640,-0.013049,0.000000,-0.000000,-0.006,0.009,0.000000,0.000000,0.000000,0.000000,0.000000,0.000000,0,0.00
0.180000,0.007,0.013240,0.013240,6.000,9.44,0.009981,-0.013240,0.000000,-0.000000,-0.006,0.009,0.000000,0.000000,0.000000,0.000000,0.000000,0.000000,0,0.00
0.190000,0.007,0.013447,0.013447,6.000,9.50,0.010307,-0.013447,0.000000,-0.000000,-0.006,0.009,0.000000,0.000000,0.000000,0.000000,0.000000,0.000000,0,0.00
0.200000,0.007,0.014012,0.014012,6.000,9.14,0.010621,-0.014012,0.000000,-0.000000,-0.006,0.009,0.000000,0.000000,0.000000,0.000000,0.000000,0.000000,0,0.00
0.210000,0.007,0.014671,0.014671,6.000,9.25,0.010960,-0.014671,0.000000,-0.000000,-0.007,0.010,0.000000,0.000000,0.000000,0.000000,0.000000,0.000000,0,0.00
0.220000,0.008,0.015376,0.015376,6.000,9.34,0.011331,-0.015376,0.000000,-0.000000,-0.007,0.010,0.000000,0.000000,0.000000,0.000000,0.000000,0.000000,0,0.00
0.230000,0.008,0.016125,0.016125,6.000,9.42,0.011735,-0.016125,0.000000,-0.000000,-0.007,0.011,0.000000,0.000000,0.000000,0.000000,0.000000,0.000000,0,0.00
0.240000,0.008,0.016920,0.016920,6.000,9.48,0.012174,-0.016920,0.000000,-0.000000,-0.007,0.011,0.000000,0.000000,0.000000,0.000000,0.000000,0.000000,0,0.00
0.250000,0.009,0.017762,0.017762,6.000,9.53,0.012649,-0.017762,0.000000,-0.000000,-0.007,0.012,0.000000,0.000000,0.000000,0.000000,0.000000,0.000000,0,0.00
0.260000,0.009,0.018653,0.018653,6.000,9.56,0.013160,-0.018653,0.000000,-0.000000,-0.008,0.012,0.000000,0.000000,0.000000,0.000000,0.000000,0.000000,0,0.00
0.270000,0.010,0.019595,0.019595,6.000,9.59,0.013709,-0.019595,0.000000,-0.000000,-0.008,0.013,0.000000,0.000000,0.000000,0.000000,0.000000,0.000000,0,0.00
0.280000,0.010,0.020589,0.020589,6.000,9.62,0.014298,-0.020589,0.000000,-0.000000,-0.008,0.014,0.000000,0.000000,0.000000,0.000000,0.000000,0.000000,0,0.00
0.290000,0.011,0.021637,0.021637,6.000,9.64,0.014927,-0.021637,0.000000,-0.000000,-0.009,0.014,0.000000,0.000000,0.000000,0.000000,0.000000,0.000000,0,0.00
0.300000,0.011,0.022741,0.022741,6.000,9.65,0.015598,-0.022741,0.000000,-0.000000,-0.009,0.015,0.000000,0.000000,0.000000,0.000000,0.000000,0.000000,0,0.00
0.310000,0.012,0.023901,0.023901,6.000,9.67,0.016312,-0.023901,0.000000,-0.000000,-0.010,0.016,0.000000,0.000000,0.000000,0.000000,0.000000,0.000000,0,0.00
0.320000,0.013,0.025119,0.025119,6.000,9.68,0.017071,-0.025119,0.000000,-0.000000,-0.010,0.017,0.000000,0.000000,0.000000,0.000000,0.000000,0.000000,0,0.00
0.330000,0.013,0.026396,0.026396,6.000,9.68,0.017876,-0.026396,0.000000,-0.000000,-0.011,0.018,0.000000,0.000000,0.000000,0.000000,0.000000,0.000000,0,0.00
0.340000,0.013,0.026596,0.026596,6.000,9.69,0.018728,-0.026596,0.000000,-0.000000,-0.011,0.018,0.000000,0.000000,0.000000,0.000000,0.000000,0.000000,0,0.00
0.350000,0.013,0.026801,0.026801,6.000,9.70,0.019514,-0.026801,0.000000,-0.000000,-0.012,0.018,0.000000,0.000000,0.000000,0.000000,0.000000,0.000000,0,0.00
0.360000,0.013,0.026985,0.026985,6.000,9.70,0.020243,-0.026985,0.000000,-0.000000,-0.013,0.018,0.000000,0.000000,0.000000,0.000000,0.000000,0.000000,0,0.00
0.370000,0.014,0.027138,0.027138,6.000,9.70,0.020917,-0.027138,0.000000,-0.000000,-0.013,0.018,0.000000,0.000000,0.000000,0.000000,0.000000,0.000000,0,0.00
0.380000,0.014,0.027251,0.027251,6.000,9.71,0.021539,-0.027251,0.000000,-0.000000,-0.013,0.018,0.000000,0.000000,0.000000,0.000000,0.000000,0.000000,0,0.00
0.390000,0.014,0.027315,0.027315,6.000,9.71,0.022110,-0.027315,0.000000,-0.000000,-0.013,0.018,0.000000,0.000000,0.000000,0.000000,0.000000,0.000000,0,0.00
0.400000,0.014,0.027338,0.027338,6.000,9.71,0.022630,-0.027338,0.000000,-0.000000,-0.013,0.018,0.000000,0.000000,0.000000,0.000000,0.000000,0.000000,0,0.00
0.410000,0.014,0.027320,0.027320,6.000,9.71,0.023101,-0.027320,0.000000,-0.000000,-0.014,0.018,0.000000,0.000000,0.000000,0.000000,0.000000,0.000000,0,0.00
0.420000,0.014,0.027262,0.027262,6.000,9.71,0.023523,-0.027262,0.000000,-0.000000,-0.014,0.018,0.000000,0.000000,0.000000,0.000000,0.000000,0.000000,0,0.00
0.430000,0.014,0.027164,0.027164,6.000,9.71,0.023896,-0.027164,0.000000,0.000000,-0.014,0.018,0.000000,0.000000,0.000000,0.000000,0.000000,0.000000,0,0.00
0.440000,0.014,0.027026,0.027026,6.000,9.71,0.024223,-0.027026,0.000000,0.000000,-0.014,0.018,0.000000,0.000000,0.000000,0.000000,0.000000,0.000000,0,0.00
0.450000,0.013,0.026850,0.026850,6.000,9.71,0.024503,-0.026850,0.000000,0.000000,-0.014,0.018,0.000000,0.000000,0.000000,0.000000,0.000000,0.000000,0,0.00
0.460000,0.013,0.026635,0.026635,6.000,9.71,0.024738,-0.026635,0.000000,0.000000,-0.014,0.018,0.000000,0.000000,0.000000,0.000000,0.000000,0.000000,0,0.00
0.470000,0.013,0.026381,0.026381,6.000,9.71,0.024927,-0.026381,0.000000,0.000000,-0.014,0.018,0.000000,0.000000,0.000000,0.000000,0.000000,0.000000,0,0.00
0.480000,0.013,0.026088,0.026088,6.000,9.72,0.025073,-0.026088,0.000000,0.000000,-0.014,0.017,0.000000,0.000000,0.000000,0.000000,0.000000,0.000000,0,0.00
0.490000,0.013,0.025756,0.025756,6.000,9.72,0.025174,-0.025756,0.000000,0.000000,-0.013,0.017,0.000000,0.000000,0.000000,0.000000,0.000000,0.000000,0,0.00
0.500000,0.013,0.025385,0.025385,6.000,9.72,0.025232,-0.025385,0.000000,0.000000,-0.013,0.017,0.000000,0.000000,0.000000,0.000000,0.000000,0.000000,0,0.00
0.510000,0.012,0.024975,0.024975,6.000,9.72,0.025247,-0.024975,0.000000,0.000000,-0.013,0.017,0.000000,0.000000,0.000000,0.000000,0.000000,0.000000,0,0.00
0.520000,0.012,0.024527,0.024527,6.000,9.72,0.025220,-0.024527,0.000000,0.000000,-0.013,0.016,0.000000,0.000000,0.000000,0.000000,0.000000,0.000000,0,0.00
0.530000,0.012,0.024040,0.024040,6.000,9.72,0.025150,-0.024040,0.000000,0.000000,-0.013,0.016,0.000000,0.000000,0.000000,0.000000,0.000000,0.000000,0,0.00
0.540000,0.012,0.023514,0.023514,6.000,9.72,0.025039,-0.023514,0.000000,0.000000,-0.013,0.016,0.000000,0.000000,0.000000,0.000000,0.000000,0.000000,0,0.00
0.550000,0.011,0.022950,0.022950,6.000,9.72,0.024886,-0.022950,0.000000,0.000000,-0.012,0.015,0.000000,0.000000,0.000000,0.000000,0.000000,0.000000,0,0.00
0.560000,0.011,0.022349,0.022349,6.000,9.72,0.024693,-0.022349,0.000000,0.000000,-0.012,0.015,0.000000,0.000000,0.000000,0.000000,0.000000,0.000000,0,0.00
0.570000,0.011,0.021708,0.021708,6.000,9.72,0.024458,-0.021708,0.000000,0.000000,-0.012,0.014,0.000000,0.000000,0.000000,0.000000,0.000000,0.000000,0,0.00
0.580000,0.011,0.021029,0.021029,6.000,9.72,0.024183,-0.021029,0.000000,0.000000,-0.012,0.014,0.000000,0.000000,0.000000,0.000000,0.000000,0.000000,0,0.00
0.590000,0.010,0.020312,0.020312,6.000,9.72,0.023867,-0.020312,0.000000,0.000000,-0.011,0.014,0.000000,0.000000,0.000000,0.000000,0.000000,0.000000,0,0.00
0.600000,0.010,0.019558,0.019558,6.000,9.72,0.023512,-0.019558,0.000000,0.000000,-0.011,0.013,0.000000,0.000000,0.000000,0.000000,0.000000,0.000000,0,0.00
0.610000,0.009,0.018766,0.018766,6.000,9.72,0.023116,-0.018766,0.000000,0.000000,-0.011,0.013,0.000000,0.000000,0.000000,0.000000,0.000000,0.000000,0,0.00
0.620000,0.009,0.017936,0.017936,6.000,9.72,0.022681,-0.017936,0.000000,0.000000,-0.011,0.012,0.000000,0.000000,0.000000,0.000000,0.000000,0.000000,0,0.00
0.630000,0.009,0.017068,0.017068,6.000,9.72,0.022207,-0.017068,0.000000,0.000000,-0.010,0.011,0.000000,0.000000,0.000000,0.000000,0.000000,0.000000,0,0.00
0.640000,0.008,0.016161,0.016161,6.000,9.72,0.021693,-0.016161,0.000000,0.000000,-0.010,0.011,0.000000,0.000000,0.000000,0.000000,0.000000,0.000000,0,0.00
0.650000,0.008,0.015209,0.015209,6.000,9.72,0.021140,-0.015209,0.000000,0.000000,-0.009,0.010,0.000000,0.000000,0.000000,0.000000,0.000000,0.000000,0,0.00
0.660000,0.007,0.014213,0.014213,6.000,9.72,0.020547,-0.014213,0.000000,0.000000,-0.009,0.009,0.000000,0.000000,0.000000,0.000000,0.000000,0.000000,0,0.00
0.670000,0.007,0.013174,0.013174,6.000,9.72,0.019914,-0.013174,0.000000,0.000000,-0.009,0.009,0.000000,0.000000,0.000000,0.000000,0.000000,0.000000,0,0.00
0.680000,0.006,0.012092,0.012092,6.000,9.72,0.019240,-0.012092,0.000000,0.000000,-0.008,0.008,0.000000,0.000000,0.000000,0.000000,0.000000,0.000000,0,0.00
0.690000,0.005,0.010968,0.010968,6.000,9.72,0.018526,-0.010968,0.000000,0.000000,-0.008,0.007,0.000000,0.000000,0.000000,0.000000,0.000000,0.000000,0,0.00
0.700000,0.005,0.009800,0.009800,6.000,9.72,0.017770,-0.009800,0.000000,0.000000,-0.007,0.007,0.000000,0.000000,0.000000,0.000000,0.000000,0.000000,0,0.00
0.710000,0.004,0.008593,0.008593,6.000,9.72,0.016973,-0.008593,0.000000,0.000000,-0.007,0.006,0.000000,0.000000,0.000000,0.000000,0.000000,0.000000,0,0.00
0.720000,0.004,0.007347,0.007347,6.000,9.72,0.016136,-0.007347,0.000000,0.000000,-0.006,0.005,0.000000,0.000000,0.000000,0.000000,0.000000,0.000000,0,0.00
0.730000,0.003,0.006061,0.006061,6.000,9.72,0.015257,-0.006061,0.000000,0.000000,-0.005,0.004,0.000000,0.000000,0.000000,0.000000,0.000000,0.000000,0,0.00
0.740000,0.002,0.004731,0.004731,6.000,9.72,0.014338,-0.004731,0.000000,0.000000,-0.005,0.003,0.000000,0.000000,0.000000,0.000000,0.000000,0.000000,0,0.00
0.750000,0.002,0.003357,0.003357,6.000,9.72,0.013377,-0.003357,0.000000,0.000000,-0.004,0.002,0.000000,0.000000,0.000000,0.000000,0.000000,0.000000,0,0.00
0.760000,0.001,0.001929,0.001929,6.000,9.72,0.012375,-0.001929,0.000000,0.000000,-0.004,0.001,0.000000,0.000000,0.000000,0.000000,0.000000,0.000000,0,0.00
0.770000,0.000,0.000449,0.000449,6.000,9.72,0.011331,-0.000449,0.000000,0.000000,-0.003,0.000,0.000000,0.000000,0.000000,0.000000,0.000000,0.000000,0,0.00
0.780000,-0.001,-0.001082,-0.001082,6.000,9.72,0.010243,0.001082,0.000000,0.000000,-0.002,0.001,0.000000,0.000000,0.000000,0.000000,0.000000,0.000000,0,0.00
0.790000,-0.001,-0.002675,-0.002675,6.000,9.72,0.009111,0.002675,0.000000,0.000000,-0.002,0.002,0.000000,0.000000,0.000000,0.000000,0.000000,0.000000,0,0.00
0.800000,-0.002,-0.004336,-0.004336,6.000,9.72,0.007932,0.004336,0.000000,0.000000,-0.001,0.003,0.000000,0.000000,0.000000,0.000000,0.000000,0.000000,0,0.00
0.810000,-0.003,-0.006064,-0.006064,6.000,9.72,0.006706,0.006064,0.000000,0.000000,-0.000,0.004,0.000000,0.000000,0.000000,0.000000,0.000000,0.000000,0,0.00
0.820000,-0.004,-0.007856,-0.007856,6.000,9.72,0.005429,0.007856,0.000000,0.000000,0.001,0.005,0.000000,0.000000,0.000000,0.000000,0.000000,0.000000,0,0.00
0.830000,-0.005,-0.009709,-0.009709,6.000,9.72,0.004101,0.009709,0.000000,0.000000,0.001,0.006,0.000000,0.000000,0.000000,0.000000,0.000000,0.000000,0,0.00
0.840000,-0.006,-0.011621,-0.011621,6.000,9.72,0.002720,0.011621,0.000000,0.000000,0.002,0.008,0.000000,0.000000,0.000000,0.000000,0.000000,0.000000,0,0.00
0.850000,-0.007,-0.013591,-0.013591,6.000,9.72,0.001286,0.013591,0.000000,0.000000,0.003,0.009,0.000000,0.000000,0.000000,0.000000,0.000000,0.000000,0,0.00
0.860000,-0.008,-0.015619,-0.015619,6.000,9.72,-0.000201,0.015619,0.000000,0.000000,0.004,0.010,0.000000,0.000000,0.000000,0.000000,0.000000,0.000000,0,0.00
0.870000,-0.009,-0.017700,-0.017700,6.000,9.72,-0.001743,0.017700,0.000000,0.000000,0.005,0.012,0.000000,0.000000,0.000000,0.000000,0.000000,0.000000,0,0.00
0.880000,-0.010,-0.019832,-0.019832,6.000,9.72,-0.003338,0.019832,0.000000,0.000000,0.006,0.013,0.000000,0.000000,0.000000,0.000000,0.000000,0.000000,0,0.00
0.890000,-0.011,-0.022010,-0.022010,6.000,9.72,-0.004987,0.022010,0.000000,0.000000,0.007,0.015,0.000000,0.000000,0.000000,0.000000,0.000000,0.000000,0,0.00
0.900000,-0.012,-0.024233,-0.024233,6.000,9.72,-0.006689,0.024233,0.000000,0.000000,0.008,0.016,0.000000,0.000000,0.000000,0.000000,0.000000,0.000000,0,0.00
0.910000,-0.013,-0.026495,-0.026495,6.000,9.72,-0.008443,0.026495,0.000000,0.000000,0.009,0.018,0.000000,0.000000,0.000000,0.000000,0.000000,0.000000,0,0.00
0.920000,-0.014,-0.028794,-0.028794,6.000,9.72,-0.010248,0.028794,0.000000,0.000000,0.010,0.019,0.000000,0.000000,0.000000,0.000000,0.000000,0.000000,0,0.00
0.930000,-0.016,-0.031130,-0.031130,6.000,9.72,-0.012103,0.031130,0.000000,0.000000,0.011,0.021,0.000000,0.000000,0.000000,0.000000,0.000000,0.000000,0,0.00
0.940000,-0.017,-0.033500,-0.033500,6.000,9.72,-0.014005,0.033500,0.000000,0.000000,0.012,0.022,0.000000,0.000000,0.000000,0.000000,0.000000,0.000000,0,0.00
0.950000,-0.018,-0.035914,-0.035914,6.000,9.72,-0.015954,0.035914,0.000000,0.000000,0.013,0.024,0.000000,0.000000,0.000000,0.000000,0.000000,0.000000,0,0.00
0.960000,-0.019,-0.038369,-0.038369,6.000,9.72,-0.017950,0.038369,0.000000,0.000000,0.014,0.026,0.000000,0.000000,0.000000,0.000000,0.000000,0.000000,0,0.00
0.970000,-0.020,-0.040860,-0.040860,6.000,9.72,-0.019992,0.040860,0.000000,0.000000,0.016,0.027,0.000000,0.000000,0.000000,0.000000,0.000000,0.000000,0,0.00
0.980000,-0.022,-0.043388,-0.043388,6.000,9.72,-0.022078,0.043388,0.000000,0.000000,0.017,0.029,0.000000,0.000000,0.000000,0.000000,0.000000,0.000000,0,0.00
0.990000,-0.023,-0.045953,-0.045953,6.000,9.72,-0.024209,0.045953,0.000000,0.000000,0.018,0.031,0.000000,0.000000,0.000000,0.000000,0.000000,0.000000,0,0.00
1.000000,-0.024,-0.048553,-0.048553,6.000,9.72,-0.026383,0.048553,0.000000,0.000000,0.019,0.032,0.000000,0.000000,0.000000,0.000000,0.000000,0.000000,0,0.00
1.010000,-0.026,-0.051185,-0.051185,6.000,9.72,-0.028600,0.051185,0.000000,0.000000,0.020,0.034,0.000000,0.000000,0.000000,0.000000,0.000000,0.000000,0,0.00
1.020000,-0.027,-0.053851,-0.053851,6.000,9.72,-0.030859,0.053851,0.000000,0.000000,0.022,0.036,0.000000,0.000000,0.000000,0.000000,0.000000,0.000000,0,0.00
1.030000,-0.028,-0.056552,-0.056552,6.000,9.72,-0.033158,0.056552,0.000000,0.000000,0.023,0.038,0.000000,0.000000,0.000000,0.000000,0.000000,0.000000,0,0.00
1.040000,-0.030,-0.059283,-0.059283,6.000,9.72,-0.035497,0.059283,0.000000,0.000000,0.024,0.040,0.000000,0.000000,0.000000,0.000000,0.000000,0.000000,0,0.00
1.050000,-0.031,-0.062038,-0.062038,6.000,9.72,-0.037875,0.062038,0.000000,0.000000,0.026,0.041,0.000000,0.000000,0.000000,0.000000,0.000000,0.000000,0,0.00
1.060000,-0.032,-0.064813,-0.064813,6.000,9.72,-0.040292,0.064813,0.000000,0.000000,0.027,0.043,0.000000,0.000000,0.000000,0.000000,0.000000,0.000000,0,0.00
1.070000,-0.034,-0.067604,-0.067604,6.000,9.72,-0.042744,0.067604,0.000000,0.000000,0.028,0.045,0.000000,0.000000,0.000000,0.000000,0.000000,0.000000,0,0.00
1.080000,-0.035,-0.070408,-0.070408,6.000,9.72,-0.045230,0.070408,0.000000,0.000000,0.030,0.047,0.000000,0.000000,0.000000,0.000000,0.000000,0.000000,0,0.00
1.090000,-0.037,-0.073218,-0.073218,6.000,9.72,-0.047747,0.073218,0.000000,0.000000,0.031,0.049,0.000000,0.000000,0.000000,0.000000,0.000000,0.000000,0,0.00
1.100000,-0.038,-0.076030,-0.076030,6.000,9.72,-0.050294,0.076030,0.000000,0.000000,0.032,0.051,0.000000,0.000000,0.000000,0.000000,0.000000,0.000000,0,0.00
1.110000,-0.039,-0.078839,-0.078839,6.000,9.72,-0.052868,0.078839,0.000000,0.000000,0.034,0.053,0.000000,0.000000,0.000000,0.000000,0.000000,0.000000,0,0.00
1.120000,-0.041,-0.081640,-0.081640,6.000,9.72,-0.055465,0.081640,0.000000,0.000000,0.035,0.054,0.000000,0.000000,0.000000,0.000000,0.000000,0.000000,0,0.00
1.130000,-0.042,-0.084429,-0.084429,6.000,9.72,-0.058082,0.084429,0.000000,0.000000,0.037,0.056,0.000000,0.000000,0.000000,0.000000,0.000000,0.000000,0,0.00
1.140000,-0.044,-0.087201,-0.087201,6.000,9.72,-0.060717,0.087201,0.000000,0.000000,0.038,0.058,0.000000,0.000000,0.000000,0.000000,0.000000,0.000000,0,0.00
1.150000,-0.045,-0.089951,-0.089951,6.000,9.72,-0.063365,0.089951,0.000000,0.000000,0.039,0.060,0.000000,0.000000,0.000000,0.000000,0.000000,0.000000,0,0.00
1.160000,-0.046,-0.092673,-0.092673,6.000,9.72,-0.066024,0.092673,0.000000,0.000000,0.041,0.062,0.000000,0.000000,0.000000,0.000000,0.000000,0.000000,0,0.00
1.170000,-0.048,-0.095334,-0.095334,6.000,9.72,-0.068689,0.095334,0.000000,0.000000,0.042,0.064,0.000000,0.000000,0.000000,0.000000,0.000000,0.000000,0,0.00
1.180000,-0.049,-0.097958,-0.097958,6.000,9.72,-0.071353,0.097958,0.000000,0.000000,0.044,0.065,0.000000,0.000000,0.000000,0.000000,0.000000,0.000000,0,0.00
1.190000,-0.050,-0.100539,-0.100539,6.000,9.72,-0.074014,0.100539,0.000000,0.000000,0.045,0.067,0.000000,0.000000,0.000000,0.000000,0.000000,0.000000,0,0.00
1.200000,-0.052,-0.103073,-0.103073,6.000,9.72,-0.076666,0.103073,0.000000,0.000000,0.046,0.069,0.000000,0.000000,0.000000,0.000000,0.000000,0.000000,0,0.00
1.210000,-0.053,-0.105554,-0.105554,6.000,9.72,-0.079307,0.105554,0.000000,0.000000,0.048,0.070,0.000000,0.000000,0.000000,0.000000,0.000000,0.000000,0,0.00
1.220000,-0.054,-0.107979,-0.107979,6.000,9.72,-0.081931,0.107979,0.000000,0.000000,0.049,0.072,0.000000,0.000000,0.000000,0.000000,0.000000,0.000000,0,0.00
1.230000,-0.055,-0.110341,-0.110341,6.000,9.72,-0.084536,0.110341,0.000000,0.000000,0.050,0.074,0.000000,0.000000,0.000000,0.000000,0.000000,0.000000,0,0.00
1.240000,-0.056,-0.112637,-0.112637,6.000,9.72,-0.087117,0.112637,0.000000,0.000000,0.052,0.075,0.000000,0.000000,0.000000,0.000000,0.000000,0.000000,0,0.00
1.250000,-0.057,-0.114860,-0.114860,6.000,9.72,-0.089669,0.114860,0.000000,0.000000,0.053,0.077,0.000000,0.000000,0.000000,0.000000,0.000000,0.000000,0,0.00
1.260000,-0.059,-0.117007,-0.117007,6.000,9.72,-0.092188,0.117007,0.000000,0.000000,0.054,0.078,0.000000,0.000000,0.000000,0.000000,0.000000,0.000000,0,0.00
1.270000,-0.060,-0.119074,-0.119074,6.000,9.72,-0.094670,0.119074,0.000000,0.000000,0.055,0.079,0.000000,0.000000,0.000000,0.000000,0.000000,0.000000,0,0.00
1.280000,-0.061,-0.121134,-0.121134,6.000,9.72,-0.097110,0.121134,0.000000,0.000000,0.056,0.081,0.000000,0.000000,0.000000,0.000000,0.000000,0.000000,0,0.00
1.290000,-0.062,-0.123101,-0.123101,6.000,9.72,-0.099512,0.123101,0.000000,0.000000,0.057,0.082,0.000000,0.000000,0.000000,0.000000,0.000000,0.000000,0,0.00
1.300000,-0.062,-0.124975,-0.124975,6.000,9.72,-0.101871,0.124975,0.000000,0.000000,0.059,0.083,0.000000,0.000000,0.000000,0.000000,0.000000,0.000000,0,0.00
1.310000,-0.063,-0.126753,-0.126753,6.000,9.72,-0.104181,0.126753,0.000000,0.000000,0.060,0.085,0.000000,0.000000,0.000000,0.000000,0.000000,0.000000,0,0.00
1.320000,-0.064,-0.128431,-0.128431,6.000,9.72,-0.106439,0.128431,0.000000,0.000000,0.061,0.086,0.000000,0.000000,0.000000,0.000000,0.000000,0.000000,0,0.00
1.330000,-0.065,-0.130006,-0.130006,6.000,9.72,-0.108638,0.130006,0.000000,0.000000,0.062,0.087,0.000000,0.000000,0.000000,0.000000,0.000000,0.000000,0,0.00
1.340000,-0.066,-0.131474,-0.131474,6.000,9.72,-0.110775,0.131474,0.000000,0.000000,0.062,0.088,0.000000,0.000000,0.000000,0.000000,0.000000,0.000000,0,0.00
1.350000,-0.066,-0.132833,-0.132833,6.000,9.72,-0.112844,0.132833,0.000000,0.000000,0.063,0.089,0.000000,0.000000,0.000000,0.000000,0.000000,0.000000,0,0.00
1.360000,-0.067,-0.134081,-0.134081,6.000,9.72,-0.114843,0.134081,0.000000,0.000000,0.064,0.089,0.000000,0.000000,0.000000,0.000000,0.000000,0.000000,0,0.00
1.370000,-0.068,-0.135221,-0.135221,6.000,9.72,-0.116767,0.135221,0.000000,0.000000,0.065,0.090,0.000000,0.000000,0.000000,0.000000,0.000000,0.000000,0,0.00
1.380000,-0.068,-0.136248,-0.136248,6.000,9.72,-0.118613,0.136248,0.000000,0.000000,0.066,0.091,0.000000,0.000000,0.000000,0.000000,0.000000,0.000000,0,0.00
1.390000,-0.069,-0.137160,-0.137160,6.000,9.72,-0.120376,0.137160,0.000000,0.000000,0.066,0.091,0.000000,0.000000,0.000000,0.000000,0.000000,0.000000,0,0.00
1.400000,-0.069,-0.137955,-0.137955,6.000,9.72,-0.122054,0.137955,0.000000,0.000000,0.067,0.092,0.000000,0.000000,0.000000,0.000000,0.000000,0.000000,0,0.00
1.410000,-0.069,-0.138633,-0.138633,6.000,9.72,-0.123644,0.138633,0.000000,0.000000,0.068,0.092,0.000000,0.000000,0.000000,0.000000,0.000000,0.000000,0,0.00
1.420000,-0.070,-0.139193,-0.139193,6.000,9.72,-0.125143,0.139193,0.000000,0.000000,0.068,0.093,0.000000,0.000000,0.000000,0.000000,0.000000,0.000000,0,0.00
1.430000,-0.070,-0.139632,-0.139632,6.000,9.72,-0.126548,0.139632,0.000000,0.000000,0.069,0.093,0.000000,0.000000,0.000000,0.000000,0.000000,0.000000,0,0.00
1.440000,-0.070,-0.139953,-0.139953,6.000,9.72,-0.127857,0.139953,0.000000,0.000000,0.069,0.093,0.000000,0.000000,0.000000,0.000000,0.000000,0.000000,0,0.00
1.450000,-0.070,-0.140158,-0.140158,6.000,9.72,-0.129066,0.140158,0.000000,0.000000,0.069,0.093,0.000000,0.000000,0.000000,0.000000,0.000000,0.000000,0,0.00
1.460000,-0.070,-0.140243,-0.140243,6.000,9.72,-0.130175,0.140243,0.000000,0.000000,0.070,0.093,0.000000,0.000000,0.000000,0.000000,0.000000,0.000000,0,0.00
1.470000,-0.070,-0.140215,-0.140215,6.000,9.72,-0.131182,0.140215,0.000000,0.000000,0.070,0.093,0.000000,0.000000,0.000000,0.000000,0.000000,0.000000,0,0.00
1.480000,-0.070,-0.140073,-0.140073,6.000,9.72,-0.132085,0.140073,0.000000,0.000000,0.070,0.093,0.000000,0.000000,0.000000,0.000000,0.000000,0.000000,0,0.00
1.490000,-0.070,-0.139819,-0.139819,6.000,9.72,-0.132884,0.139819,0.000000,-0.000000,0.070,0.093,0.000000,0.000000,0.000000,0.000000,0.000000,0.000000,0,0.00
1.500000,-0.070,-0.139453,-0.139453,6.000,9.72,-0.133578,0.139453,0.000000,-0.000000,0.070,0.093,0.000000,0.000000,0.000000,0.000000,0.000000,0.000000,0,0.00
1.510000,-0.069,-0.138977,-0.138977,6.000,9.72,-0.134165,0.138977,0.000000,-0.000000,0.070,0.093,0.000000,0.000000,0.000000,0.000000,0.000000,0.000000,0,0.00
1.520000,-0.069,-0.138392,-0.138392,6.000,9.72,-0.134646,0.138392,0.000000,-0.000000,0.070,0.092,0.000000,0.000000,0.000000,0.000000,0.000000,0.000000,0,0.00
1.530000,-0.069,-0.137702,-0.137702,6.000,9.72,-0.135021,0.137702,0.000000,-0.000000,0.070,0.092,0.000000,0.000000,0.000000,0.000000,0.000000,0.000000,0,0.00
1.540000,-0.068,-0.136912,-0.136912,6.000,9.72,-0.135289,0.136912,0.000000,-0.000000,0.070,0.091,0.000000,0.000000,0.000000,0.000000,0.000000,0.000000,0,0.00
1.550000,-0.068,-0.136017,-0.136017,6.000,9.72,-0.135451,0.136017,0.000000,-0.000000,0.069,0.091,0.000000,0.000000,0.000000,0.000000,0.000000,0.000000,0,0.00
1.560000,-0.068,-0.135029,-0.135029,6.000,9.72,-0.135508,0.135029,0.000000,-0.000000,0.069,0.090,0.000000,0.000000,0.000000,0.000000,0.000000,0.000000,0,0.00
1.570000,-0.067,-0.133949,-0.133949,6.000,9.72,-0.135460,0.133949,0.000000,-0.000000,0.069,0.089,0.000000,0.000000,0.000000,0.000000,0.000000,0.000000,0,0.00
1.580000,-0.066,-0.132779,-0.132779,6.000,9.72,-0.135309,0.132779,0.000000,-0.000000,0.068,0.089,0.000000,0.000000,0.000000,0.000000,0.000000,0.000000,0,0.00
1.590000,-0.066,-0.131524,-0.131524,6.000,9.72,-0.135056,0.131524,0.000000,-0.000000,0.068,0.088,0.000000,0.000000,0.000000,0.000000,0.000000,0.000000,0,0.00
1.600000,-0.065,-0.130184,-0.130184,6.000,9.72,-0.134702,0.130184,0.000000,-0.000000,0.068,0.087,0.000000,0.000000,0.000000,0.000000,0.000000,0.000000,0,0.00
1.610000,-0.064,-0.128765,-0.128765,6.000,9.72,-0.134250,0.128765,0.000000,-0.000000,0.067,0.086,0.000000,0.000000,0.000000,0.000000,0.000000,0.000000,0,0.00
1.620000,-0.064,-0.127269,-0.127269,6.000,9.72,-0.133702,0.127269,0.000000,-0.000000,0.066,0.085,0.000000,0.000000,0.000000,0.000000,0.000000,0.000000,0,0.00
1.630000,-0.063,-0.125700,-0.125700,6.000,9.72,-0.133059,0.125700,0.000000,-0.000000,0.066,0.084,0.000000,0.000000,0.000000,0.000000,0.000000,0.000000,0,0.00
1.640000,-0.062,-0.124064,-0.124064,6.000,9.72,-0.132323,0.124064,0.000000,-0.000000,0.065,0.083,0.000000,0.000000,0.000000,0.000000,0.000000,0.000000,0,0.00
1.650000,-0.061,-0.122362,-0.122362,6.000,9.72,-0.131497,0.122362,0.000000,-0.000000,0.064,0.082,0.000000,0.000000,0.000000,0.000000,0.000000,0.000000,0,0.00
1.660000,-0.060,-0.120602,-0.120602,6.000,9.72,-0.130583,0.120602,0.000000,-0.000000,0.064,0.080,0.000000,0.000000,0.000000,0.000000,0.000000,0.000000,0,0.00
1.670000,-0.059,-0.118787,-0.118787,6.000,9.72,-0.129585,0.118787,0.000000,-0.000000,0.063,0.079,0.000000,0.000000,0.000000,0.000000,0.000000,0.000000,0,0.00
1.680000,-0.058,-0.116922,-0.116922,6.000,9.72,-0.128505,0.116922,0.000000,-0.000000,0.062,0.078,0.000000,0.000000,0.000000,0.000000,0.000000,0.000000,0,0.00
1.690000,-0.058,-0.115011,-0.115011,6.000,9.72,-0.127347,0.115011,0.000000,-0.000000,0.061,0.077,0.000000,0.000000,0.000000,0.000000,0.000000,0.000000,0,0.00
1.700000,-0.057,-0.113059,-0.113059,6.000,9.72,-0.126113,0.113059,0.000000,-0.000000,0.060,0.075,0.000000,0.000000,0.000000,0.000000,0.000000,0.000000,0,0.00
1.710000,-0.056,-0.111068,-0.111068,6.000,9.72,-0.124808,0.111068,0.000000,-0.000000,0.059,0.074,0.000000,0.000000,0.000000,0.000000,0.000000,0.000000,0,0.00
1.720000,-0.055,-0.109046,-0.109046,6.000,9.72,-0.123434,0.109046,0.000000,-0.000000,0.058,0.073,0.000000,0.000000,0.000000,0.000000,0.000000,0.000000,0,0.00
1.730000,-0.053,-0.106995,-0.106995,6.000,9.72,-0.121995,0.106995,0.000000,-0.000000,0.058,0.071,0.000000,0.000000,0.000000,0.000000,0.000000,0.000000,0,0.00
1.740000,-0.052,-0.104908,-0.104908,6.000,9.72,-0.120495,0.104908,0.000000,-0.000000,0.057,0.070,0.000000,0.000000,0.000000,0.000000,0.000000,0.000000,0,0.00
1.750000,-0.051,-0.102811,-0.102811,6.000,9.72,-0.118936,0.102811,0.000000,-0.000000,0.056,0.069,0.000000,0.000000,0.000000,0.000000,0.000000,0.000000,0,0.00
1.760000,-0.050,-0.100707,-0.100707,6.000,9.72,-0.117323,0.100707,0.000000,-0.000000,0.055,0.067,0.000000,0.000000,0.000000,0.000000,0.000000,0.000000,0,0.00
1.770000,-0.049,-0.098598,-0.098598,6.000,9.72,-0.115662,0.098598,0.000000,-0.000000,0.053,0.066,0.000000,0.000000,0.000000,0.000000,0.000000,0.000000,0,0.00
1.780000,-0.048,-0.096491,-0.096491,6.000,9.72,-0.113955,0.096491,0.000000,-0.000000,0.052,0.064,0.000000,0.000000,0.000000,0.000000,0.000000,0.000000,0,0.00
1.790000,-0.047,-0.094388,-0.094388,6.000,9.72,-0.112209,0.094388,0.000000,-0.000000,0.051,0.063,0.000000,0.000000,0.000000,0.000000,0.000000,0.000000,0,0.00
1.800000,-0.046,-0.092297,-0.092297,6.000,9.72,-0.110426,0.092297,0.000000,-0.000000,0.050,0.062,0.000000,0.000000,0.000000,0.000000,0.000000,0.000000,0,0.00
1.810000,-0.045,-0.090220,-0.090220,6.000,9.72,-0.108613,0.090220,0.000000,-0.000000,0.049,0.060,0.000000,0.000000,0.000000,0.000000,0.000000,0.000000,0,0.00
1.820000,-0.044,-0.088165,-0.088165,6.000,9.72,-0.106774,0.088165,0.000000,-0.000000,0.048,0.059,0.000000,0.000000,0.000000,0.000000,0.000000,0.000000,0,0.00
1.830000,-0.043,-0.086134,-0.086134,6.000,9.72,-0.104913,0.086134,0.000000,-0.000000,0.047,0.057,0.000000,0.000000,0.000000,0.000000,0.000000,0.000000,0,0.00
1.840000,-0.042,-0.084134,-0.084134,6.000,9.72,-0.103035,0.084134,0.000000,-0.000000,0.046,0.056,0.000000,0.000000,0.000000,0.000000,0.000000,0.000000,0,0.00
1.850000,-0.041,-0.082172,-0.082172,6.000,9.72,-0.101145,0.082172,0.000000,-0.000000,0.045,0.055,0.000000,0.000000,0.000000,0.000000,0.000000,0.000000,0,0.00
1.860000,-0.040,-0.080254,-0.080254,6.000,9.72,-0.099247,0.080254,0.000000,-0.000000,0.044,0.054,0.000000,0.000000,0.000000,0.000000,0.000000,0.000000,0,0.00
1.870000,-0.039,-0.078384,-0.078384,6.000,9.72,-0.097348,0.078384,0.000000,-0.000000,0.043,0.052,0.000000,0.000000,0.000000,0.000000,0.000000,0.000000,0,0.00
1.880000,-0.038,-0.076567,-0.076567,6.000,9.72,-0.095451,0.076567,0.000000,-0.000000,0.042,0.051,0.000000,0.000000,0.000000,0.000000,0.000000,0.000000,0,0.00
1.890000,-0.037,-0.074806,-0.074806,6.000,9.72,-0.093563,0.074806,0.000000,-0.000000,0.041,0.050,0.000000,0.000000,0.000000,0.000000,0.000000,0.000000,0,0.00
1.900000,-0.037,-0.073106,-0.073106,6.000,9.72,-0.091687,0.073106,0.000000,-0.000000,0.040,0.049,0.000000,0.000000,0.000000,0.000000,0.000000,0.000000,0,0.00
1.910000,-0.036,-0.071473,-0.071473,6.000,9.72,-0.089829,0.071473,0.000000,-0.000000,0.039,0.048,0.000000,0.000000,0.000000,0.000000,0.000000,0.000000,0,0.00
1.920000,-0.035,-0.069895,-0.069895,6.000,9.72,-0.087993,0.069895,0.000000,-0.000000,0.038,0.047,0.000000,0.000000,0.000000,0.000000,0.000000,0.000000,0,0.00
1.930000,-0.034,-0.068405,-0.068405,6.000,9.72,-0.086183,0.068405,0.000000,-0.000000,0.037,0.046,0.000000,0.000000,0.000000,0.000000,0.000000,0.000000,0,0.00
1.940000,-0.034,-0.067003,-0.067003,6.000,9.72,-0.084405,0.067003,0.000000,-0.000000,0.037,0.045,0.000000,0.000000,0.000000,0.000000,0.000000,0.000000,0,0.00
1.950000,-0.033,-0.065691,-0.065691,6.000,9.72,-0.082664,0.065691,0.000000,-0.000000,0.036,0.044,0.000000,0.000000,0.000000,0.000000,0.000000,0.000000,0,0.00
1.960000,-0.032,-0.064470,-0.064470,6.000,9.72,-0.080967,0.064470,0.000000,-0.000000,0.035,0.043,0.000000,0.000000,0.000000,0.000000,0.000000,0.000000,0,0.00
1.970000,-0.032,-0.063343,-0.063343,6.000,9.72,-0.079317,0.063343,0.000000,-0.000000,0.034,0.042,0.000000,0.000000,0.000000,0.000000,0.000000,0.000000,0,0.00
1.980000,-0.031,-0.062310,-0.062310,6.000,9.72,-0.077719,0.062310,0.000000,-0.000000,0.034,0.042,0.000000,0.000000,0.000000,0.000000,0.000000,0.000000,0,0.00
1.990000,-0.031,-0.061377,-0.061377,6.000,9.72,-0.076178,0.061377,0.000000,-0.000000,0.033,0.041,0.000000,0.000000,0.000000,0.000000,0.000000,0.000000,0,0.00
2.000000,-0.030,-0.060544,-0.060544,6.000,9.72,-0.074698,0.060544,0.000000,-0.000000,0.032,0.040,0.000000,0.000000,0.000000,0.000000,0.000000,0.000000,0,0.00
2.010000,-0.030,-0.059812,-0.059812,6.000,9.72,-0.073282,0.059812,0.000000,-0.000000,0.032,0.040,0.000000,0.000000,0.000000,0.000000,0.000000,0.000000,0,0.00
2.020000,-0.030,-0.059175,-0.059175,6.000,9.72,-0.071935,0.059175,0.000000,-0.000000,0.031,0.039,0.000000,0.000000,0.000000,0.000000,0.000000,0.000000,0,0.00
2.030000,-0.029,-0.058641,-0.058641,6.000,9.72,-0.070659,0.058641,0.000000,-0.000000,0.031,0.039,0.000000,0.000000,0.000000,0.000000,0.000000,0.000000,0,0.00
2.040000,-0.029,-0.058209,-0.058209,6.000,9.72,-0.069457,0.058209,0.000000,-0.000000,0.030,0.039,0.000000,0.000000,0.000000,0.000000,0.000000,0.000000,0,0.00
2.050000,-0.029,-0.057881,-0.057881,6.000,9.72,-0.068332,0.057881,0.000000,-0.000000,0.030,0.039,0.000000,0.000000,0.000000,0.000000,0.000000,0.000000,0,0.00
2.060000,-0.029,-0.057660,-0.057660,6.000,9.72,-0.067286,0.057660,0.000000,-0.000000,0.030,0.038,0.000000,0.000000,0.000000,0.000000,0.000000,0.000000,0,0.00
2.070000,-0.029,-0.057545,-0.057545,6.000,9.72,-0.066324,0.057545,0.000000,-0.000000,0.029,0.038,0.000000,0.000000,0.000000,0.000000,0.000000,0.000000,0,0.00
2.080000,-0.029,-0.057536,-0.057536,6.000,9.72,-0.065445,0.057536,0.000000,-0.000000,0.029,0.038,0.000000,0.000000,0.000000,0.000000,0.000000,0.000000,0,0.00
2.090000,-0.029,-0.057630,-0.057630,6.000,9.72,-0.064654,0.057630,0.000000,-0.000000,0.029,0.038,0.000000,0.000000,0.000000,0.000000,0.000000,0.000000,0,0.00
2.100000,-0.029,-0.057828,-0.057828,6.000,9.72,-0.063952,0.057828,0.000000,0.000000,0.029,0.039,0.000000,0.000000,0.000000,0.000000,0.000000,0.000000,0,0.00
2.110000,-0.029,-0.058127,-0.058127,6.000,9.72,-0.063339,0.058127,0.000000,0.000000,0.029,0.039,0.000000,0.000000,0.000000,0.000000,0.000000,0.000000,0,0.00
2.120000,-0.029,-0.058537,-0.058537,6.000,9.72,-0.062817,0.058537,0.000000,0.000000,0.029,0.039,0.000000,0.000000,0.000000,0.000000,0.000000,0.000000,0,0.00
2.130000,-0.030,-0.059041,-0.059041,6.000,9.72,-0.062389,0.059041,0.000000,0.000000,0.029,0.039,0.000000,0.000000,0.000000,0.000000,0.000000,0.000000,0,0.00
2.140000,-0.030,-0.059643,-0.059643,6.000,9.72,-0.062054,0.059643,0.000000,0.000000,0.029,0.040,0.000000,0.000000,0.000000,0.000000,0.000000,0.000000,0,0.00
2.150000,-0.030,-0.060343,-0.060343,6.000,9.72,-0.061813,0.060343,0.000000,0.000000,0.029,0.040,0.000000,0.000000,0.000000,0.000000,0.000000,0.000000,0,0.00
2.160000,-0.031,-0.061140,-0.061140,6.000,9.72,-0.061665,0.061140,0.000000,0.000000,0.029,0.041,0.000000,0.000000,0.000000,0.000000,0.000000,0.000000,0,0.00
2.170000,-0.031,-0.062031,-0.062031,6.000,9.72,-0.061613,0.062031,0.000000,0.000000,0.030,0.041,0.000000,0.000000,0.000000,0.000000,0.000000,0.000000,0,0.00
2.180000,-0.032,-0.063013,-0.063013,6.000,9.72,-0.061654,0.063013,0.000000,0.000000,0.030,0.042,0.000000,0.000000,0.000000,0.000000,0.000000,0.000000,0,0.00
2.190000,-0.032,-0.064085,-0.064085,6.000,9.72,-0.061790,0.064085,0.000000,0.000000,0.030,0.043,0.000000,0.000000,0.000000,0.000000,0.000000,0.000000,0,0.00
2.200000,-0.033,-0.065242,-0.065242,6.000,9.72,-0.062019,0.065242,0.000000,0.000000,0.031,0.043,0.000000,0.000000,0.000000,0.000000,0.000000,0.000000,0,0.00
2.210000,-0.033,-0.066483,-0.066483,6.000,9.72,-0.062341,0.066483,0.000000,0.000000,0.031,0.044,0.000000,0.000000,0.000000,0.000000,0.000000,0.000000,0,0.00
2.220000,-0.034,-0.067742,-0.067742,6.000,9.72,-0.062755,0.067742,0.000000,0.000000,0.032,0.045,0.000000,0.000000,0.000000,0.000000,0.000000,0.000000,0,0.00
2.230000,-0.035,-0.069111,-0.069111,6.000,9.72,-0.063254,0.069111,0.000000,0.000000,0.032,0.046,0.000000,0.000000,0.000000,0.000000,0.000000,0.000000,0,0.00
2.240000,-0.035,-0.070570,-0.070570,6.000,9.72,-0.063839,0.070570,0.000000,0.000000,0.033,0.047,0.000000,0.000000,0.000000,0.000000,0.000000,0.000000,0,0.00
2.250000,-0.036,-0.072109,-0.072109,6.000,9.72,-0.064512,0.072109,0.000000,0.000000,0.033,0.048,0.000000,0.000000,0.000000,0.000000,0.000000,0.000000,0,0.00
2.260000,-0.037,-0.073721,-0.073721,6.000,9.72,-0.065272,0.073721,0.000000,0.000000,0.034,0.049,0.000000,0.000000,0.000000,0.000000,0.000000,0.000000,0,0.00
2.270000,-0.038,-0.075400,-0.075400,6.000,9.72,-0.066116,0.075400,0.000000,0.000000,0.035,0.050,0.000000,0.000000,0.000000,0.000000,0.000000,0.000000,0,0.00
2.280000,-0.039,-0.077141,-0.077141,6.000,9.72,-0.067045,0.077141,0.000000,0.000000,0.035,0.051,0.000000,0.000000,0.000000,0.000000,0.000000,0.000000,0,0.00
2.290000,-0.039,-0.078945,-0.078945,6.000,9.72,-0.068054,0.078945,0.000000,0.000000,0.036,0.053,0.000000,0.000000,0.000000,0.000000,0.000000,0.000000,0,0.00
2.300000,-0.040,-0.080807,-0.080807,6.000,9.72,-0.069143,0.080807,0.000000,0.000000,0.037,0.054,0.000000,0.000000,0.000000,0.000000,0.000000,0.000000,0,0.00
2.310000,-0.041,-0.082788,-0.082788,6.000,9.72,-0.070309,0.082788,0.000000,0.000000,0.038,0.055,0.000000,0.000000,0.000000,0.000000,0.000000,0.000000,0,0.00
2.320000,-0.042,-0.084790,-0.084790,6.000,9.72,-0.071557,0.084790,0.000000,0.000000,0.039,0.057,0.000000,0.000000,0.000000,0.000000,0.000000,0.000000,0,0.00
2.330000,-0.043,-0.086832,-0.086832,6.000,9.72,-0.072880,0.086832,0.000000,0.000000,0.039,0.058,0.000000,0.000000,0.000000,0.000000,0.000000,0.000000,0,0.00
2.340000,-0.044,-0.088912,-0.088912,6.000,9.72,-0.074275,0.088912,0.000000,0.000000,0.040,0.059,0.000000,0.000000,0.000000,0.000000,0.000000,0.000000,0,0.00
2.350000,-0.046,-0.091028,-0.091028,6.000,9.72,-0.075739,0.091028,0.000000,0.000000,0.041,0.061,0.000000,0.000000,0.000000,0.000000,0.000000,0.000000,0,0.00
2.360000,-0.047,-0.093174,-0.093174,6.000,9.72,-0.077267,0.093174,0.000000,0.000000,0.042,0.062,0.000000,0.000000,0.000000,0.000000,0.000000,0.000000,0,0.00
2.370000,-0.048,-0.095353,-0.095353,6.000,9.72,-0.078858,0.095353,0.000000,0.000000,0.043,0.064,0.000000,0.000000,0.000000,0.000000,0.000000,0.000000,0,0.00
2.380000,-0.049,-0.097560,-0.097560,6.000,9.72,-0.080507,0.097560,0.000000,0.000000,0.044,0.065,0.000000,0.000000,0.000000,0.000000,0.000000,0.000000,0,0.00
2.390000,-0.050,-0.099788,-0.099788,6.000,9.72,-0.082212,0.099788,0.000000,0.000000,0.046,0.067,0.000000,0.000000,0.000000,0.000000,0.000000,0.000000,0,0.00
2.400000,-0.051,-0.102033,-0.102033,6.000,9.72,-0.083970,0.102033,0.000000,0.000000,0.047,0.068,0.000000,0.000000,0.000000,0.000000,0.000000,0.000000,0,0.00
2.410000,-0.052,-0.104302,-0.104302,6.000,9.72,-0.085776,0.104302,0.000000,0.000000,0.048,0.070,0.000000,0.000000,0.000000,0.000000,0.000000,0.000000,0,0.00
2.420000,-0.053,-0.106579,-0.106579,6.000,9.72,-0.087628,0.106579,0.000000,0.000000,0.049,0.071,0.000000,0.000000,0.000000,0.000000,0.000000,0.000000,0,0.00
2.430000,-0.054,-0.108859,-0.108859,6.000,9.72,-0.089523,0.108859,0.000000,0.000000,0.050,0.073,0.000000,0.000000,0.000000,0.000000,0.000000,0.000000,0,0.00
2.440000,-0.056,-0.111144,-0.111144,6.000,9.72,-0.091457,0.111144,0.000000,0.000000,0.051,0.074,0.000000,0.000000,0.000000,0.000000,0.000000,0.000000,0,0.00
2.450000,-0.057,-0.113431,-0.113431,6.000,9.72,-0.093425,0.113431,0.000000,0.000000,0.052,0.076,0.000000,0.000000,0.000000,0.000000,0.000000,0.000000,0,0.00
2.460000,-0.058,-0.115713,-0.115713,6.000,9.72,-0.095426,0.115713,0.000000,0.000000,0.053,0.077,0.000000,0.000000,0.000000,0.000000,0.000000,0.000000,0,0.00
2.470000,-0.059,-0.117986,-0.117986,6.000,9.72,-0.097454,0.117986,0.000000,0.000000,0.054,0.079,0.000000,0.000000,0.000000,0.000000,0.000000,0.000000,0,0.00
2.480000,-0.060,-0.120243,-0.120243,6.000,9.72,-0.099507,0.120243,0.000000,0.000000,0.056,0.080,0.000000,0.000000,0.000000,0.000000,0.000000,0.000000,0,0.00
2.490000,-0.061,-0.122479,-0.122479,6.000,9.72,-0.101581,0.122479,0.000000,0.000000,0.057,0.082,0.000000,0.000000,0.000000,0.000000,0.000000,0.000000,0,0.00
2.500000,-0.062,-0.124692,-0.124692,6.000,9.72,-0.103671,0.124692,0.000000,0.000000,0.058,0.083,0.000000,0.000000,0.000000,0.000000,0.000000,0.000000,0,0.00
2.510000,-0.063,-0.126965,-0.126965,6.000,9.72,-0.105772,0.126965,0.000000,0.000000,0.059,0.085,0.000000,0.000000,0.000000,0.000000,0.000000,0.000000,0,0.00
2.520000,-0.065,-0.129154,-0.129154,6.000,9.72,-0.107892,0.129154,0.000000,0.000000,0.060,0.086,0.000000,0.000000,0.000000,0.000000,0.000000,0.000000,0,0.00
2.530000,-0.066,-0.131281,-0.131281,6.000,9.72,-0.110018,0.131281,0.000000,0.000000,0.061,0.088,0.000000,0.000000,0.000000,0.000000,0.000000,0.000000,0,0.00
2.540000,-0.067,-0.133356,-0.133356,6.000,9.72,-0.112144,0.133356,0.000000,0.000000,0.062,0.089,0.000000,0.000000,0.000000,0.000000,0.000000,0.000000,0,0.00
2.550000,-0.068,-0.135385,-0.135385,6.000,9.72,-0.114265,0.135385,0.000000,0.000000,0.063,0.090,0.000000,0.000000,0.000000,0.000000,0.000000,0.000000,0,0.00
2.560000,-0.069,-0.137369,-0.137369,6.000,9.72,-0.116377,0.137369,0.000000,0.000000,0.065,0.092,0.000000,0.000000,0.000000,0.000000,0.000000,0.000000,0,0.00
2.570000,-0.070,-0.139309,-0.139309,6.000,9.72,-0.118476,0.139309,0.000000,0.000000,0.066,0.093,0.000000,0.000000,0.000000,0.000000,0.000000,0.000000,0,0.00
2.580000,-0.071,-0.141213,-0.141213,6.000,9.72,-0.120559,0.141213,0.000000,0.000000,0.067,0.094,0.000000,0.000000,0.000000,0.000000,0.000000,0.000000,0,0.00
2.590000,-0.072,-0.143079,-0.143079,6.000,9.72,-0.122625,0.143079,0.000000,0.000000,0.068,0.095,0.000000,0.000000,0.000000,0.000000,0.000000,0.000000,0,0.00
2.600000,-0.072,-0.144936,-0.144936,6.000,9.72,-0.124670,0.144936,0.000000,0.000000,0.069,0.097,0.000000,0.000000,0.000000,0.000000,0.000000,0.000000,0,0.00
2.610000,-0.073,-0.146770,-0.146770,6.000,9.72,-0.126696,0.146770,0.000000,0.000000,0.070,0.098,0.000000,0.000000,0.000000,0.000000,0.000000,0.000000,0,0.00
2.620000,-0.074,-0.148552,-0.148552,6.000,9.72,-0.128704,0.148552,0.000000,0.000000,0.071,0.099,0.000000,0.000000,0.000000,0.000000,0.000000,0.000000,0,0.00
2.630000,-0.075,-0.150278,-0.150278,6.000,9.72,-0.130688,0.150278,0.000000,0.000000,0.072,0.100,0.000000,0.000000,0.000000,0.000000,0.000000,0.000000,0,0.00
2.640000,-0.076,-0.151951,-0.151951,6.000,9.72,-0.132647,0.151951,0.000000,0.000000,0.072,0.101,0.000000,0.000000,0.000000,0.000000,0.000000,0.000000,0,0.00
2.650000,-0.077,-0.153577,-0.153577,6.000,9.72,-0.134578,0.153577,0.000000,0.000000,0.073,0.102,0.000000,0.000000,0.000000,0.000000,0.000000,0.000000,0,0.00
2.660000,-0.078,-0.155155,-0.155155,6.000,9.72,-0.136478,0.155155,0.000000,0.000000,0.074,0.103,0.000000,0.000000,0.000000,0.000000,0.000000,0.000000,0,0.00
2.670000,-0.078,-0.156686,-0.156686,6.000,9.72,-0.138345,0.156686,0.000000,0.000000,0.075,0.104,0.000000,0.000000,0.000000,0.000000,0.000000,0.000000,0,0.00
2.680000,-0.079,-0.158168,-0.158168,6.000,9.72,-0.140179,0.158168,0.000000,0.000000,0.076,0.105,0.000000,0.000000,0.000000,0.000000,0.000000,0.000000,0,0.00
2.690000,-0.080,-0.159596,-0.159596,6.000,9.72,-0.141978,0.159596,0.000000,0.000000,0.077,0.106,0.000000,0.000000,0.000000,0.000000,0.000000,0.000000,0,0.00
2.700000,-0.081,-0.161004,-0.161004,6.000,9.72,-0.143740,0.161004,0.000000,0.000000,0.078,0.107,0.000000,0.000000,0.000000,0.000000,0.000000,0.000000,0,0.00
2.710000,-0.081,-0.162380,-0.162380,6.000,9.72,-0.145466,0.162380,0.000000,0.000000,0.078,0.108,0.000000,0.000000,0.000000,0.000000,0.000000,0.000000,0,0.00
2.720000,-0.082,-0.163718,-0.163718,6.000,9.72,-0.147158,0.163718,0.000000,0.000000,0.079,0.109,0.000000,0.000000,0.000000,0.000000,0.000000,0.000000,0,0.00
2.730000,-0.082,-0.164999,-0.164999,6.000,9.72,-0.148814,0.164999,0.000000,0.000000,0.080,0.110,0.000000,0.000000,0.000000,0.000000,0.000000,0.000000,0,0.00
2.740000,-0.083,-0.166220,-0.166220,6.000,9.72,-0.150432,0.166220,0.000000,0.000000,0.081,0.111,0.000000,0.000000,0.000000,0.000000,0.000000,0.000000,0,0.00
2.750000,-0.084,-0.167382,-0.167382,6.000,9.72,-0.152011,0.167382,0.000000,0.000000,0.081,0.112,0.000000,0.000000,0.000000,0.000000,0.000000,0.000000,0,0.00
2.760000,-0.084,-0.168486,-0.168486,6.000,9.72,-0.153548,0.168486,0.000000,0.000000,0.082,0.112,0.000000,0.000000,0.000000,0.000000,0.000000,0.000000,0,0.00
2.770000,-0.085,-0.169532,-0.169532,6.000,9.72,-0.155042,0.169532,0.000000,0.000000,0.082,0.113,0.000000,0.000000,0.000000,0.000000,0.000000,0.000000,0,0.00
2.780000,-0.085,-0.170518,-0.170518,6.000,9.72,-0.156491,0.170518,0.000000,0.000000,0.083,0.114,0.000000,0.000000,0.000000,0.000000,0.000000,0.000000,0,0.00
2.790000,-0.086,-0.171459,-0.171459,6.000,9.72,-0.157894,0.171459,0.000000,0.000000,0.084,0.114,0.000000,0.000000,0.000000,0.000000,0.000000,0.000000,0,0.00
2.800000,-0.086,-0.172394,-0.172394,6.000,9.72,-0.159250,0.172394,0.000000,0.000000,0.084,0.115,0.000000,0.000000,0.000000,0.000000,0.000000,0.000000,0,0.00
2.810000,-0.087,-0.173325,-0.173325,6.000,9.72,-0.160565,0.173325,0.000000,0.000000,0.085,0.116,0.000000,0.000000,0.000000,0.000000,0.000000,0.000000,0,0.00
2.820000,-0.087,-0.174241,-0.174241,6.000,9.72,-0.161841,0.174241,0.000000,0.000000,0.085,0.116,0.000000,0.000000,0.000000,0.000000,0.000000,0.000000,0,0.00
2.830000,-0.088,-0.175098,-0.175098,6.000,9.72,-0.163081,0.175098,0.000000,0.000000,0.086,0.117,0.000000,0.000000,0.000000,0.000000,0.000000,0.000000,0,0.00
2.840000,-0.088,-0.175894,-0.175894,6.000,9.72,-0.164283,0.175894,0.000000,0.000000,0.086,0.117,0.000000,0.000000,0.000000,0.000000,0.000000,0.000000,0,0.00
2.850000,-0.088,-0.176625,-0.176625,6.000,9.72,-0.165444,0.176625,0.000000,0.000000,0.087,0.118,0.000000,0.000000,0.000000,0.000000,0.000000,0.000000,0,0.00
2.860000,-0.089,-0.177314,-0.177314,6.000,9.72,-0.166562,0.177314,0.000000,0.000000,0.087,0.118,0.000000,0.000000,0.000000,0.000000,0.000000,0.000000,0,0.00
2.870000,-0.089,-0.177963,-0.177963,6.000,9.72,-0.167637,0.177963,0.000000,0.000000,0.088,0.119,0.000000,0.000000,0.000000,0.000000,0.000000,0.000000,0,0.00
2.880000,-0.089,-0.178574,-0.178574,6.000,9.72,-0.168670,0.178574,0.000000,0.000000,0.088,0.119,0.000000,0.000000,0.000000,0.000000,0.000000,0.000000,0,0.00
2.890000,-0.090,-0.179151,-0.179151,6.000,9.72,-0.169660,0.179151,0.000000,0.000000,0.088,0.119,0.000000,0.000000,0.000000,0.000000,0.000000,0.000000,0,0.00
2.900000,-0.090,-0.179736,-0.179736,6.000,9.72,-0.170609,0.179736,0.000000,0.000000,0.089,0.120,0.000000,0.000000,0.000000,0.000000,0.000000,0.000000,0,0.00
2.910000,-0.090,-0.180331,-0.180331,6.000,9.72,-0.171522,0.180331,0.000000,0.000000,0.089,0.120,0.000000,0.000000,0.000000,0.000000,0.000000,0.000000,0,0.00
2.920000,-0.090,-0.180913,-0.180913,6.000,9.72,-0.172403,0.180913,0.000000,0.000000,0.089,0.121,0.000000,0.000000,0.000000,0.000000,0.000000,0.000000,0,0.00
2.930000,-0.091,-0.181493,-0.181493,6.000,9.72,-0.173254,0.181493,0.000000,0.000000,0.090,0.121,0.000000,0.000000,0.000000,0.000000,0.000000,0.000000,0,0.00
2.940000,-0.091,-0.182025,-0.182025,6.000,9.72,-0.174078,0.182025,0.000000,0.000000,0.090,0.121,0.000000,0.000000,0.000000,0.000000,0.000000,0.000000,0,0.00
2.950000,-0.091,-0.182512,-0.182512,6.000,9.72,-0.174873,0.182512,0.000000,0.000000,0.090,0.122,0.000000,0.000000,0.000000,0.000000,0.000000,0.000000,0,0.00
2.960000,-0.091,-0.182959,-0.182959,6.000,9.72,-0.175637,0.182959,0.000000,0.000000,0.090,0.122,0.000000,0.000000,0.000000,0.000000,0.000000,0.000000,0,0.00
2.970000,-0.092,-0.183372,-0.183372,6.000,9.72,-0.176369,0.183372,0.000000,0.000000,0.091,0.122,0.000000,0.000000,0.000000,0.000000,0.000000,0.000000,0,0.00
2.980000,-0.092,-0.183754,-0.183754,6.000,9.72,-0.177069,0.183754,0.000000,0.000000,0.091,0.123,0.000000,0.000000,0.000000,0.000000,0.000000,0.000000,0,0.00
2.990000,-0.092,-0.184111,-0.184111,6.000,9.72,-0.177738,0.184111,0.000000,0.000000,0.091,0.123,0.000000,0.000000,0.000000,0.000000,0.000000,0.000000,0,0.00
3.000000,-0.092,-0.184501,-0.184501,6.000,9.72,-0.178375,0.184501,0.000000,0.000000,0.091,0.123,0.000000,0.000000,0.000000,0.000000,0.000000,0.000000,0,0.00
3.010000,-0.092,-0.184932,-0.184932,6.000,9.72,-0.178988,0.184932,0.000000,0.000000,0.092,0.123,0.000000,0.000000,0.000000,0.000000,0.000000,0.000000,0,0.00
3.020000,-0.093,-0.185392,-0.185392,6.000,9.72,-0.179582,0.185392,0.000000,0.000000,0.092,0.124,0.000000,0.000000,0.000000,0.000000,0.000000,0.000000,0,0.00
3.030000,-0.093,-0.185868,-0.185868,6.000,9.72,-0.180163,0.185868,0.000000,0.000000,0.092,0.124,0.000000,0.000000,0.000000,0.000000,0.000000,0.000000,0,0.00
3.040000,-0.093,-0.186354,-0.186354,6.000,9.72,-0.180733,0.186354,0.000000,0.000000,0.092,0.124,0.000000,0.000000,0.000000,0.000000,0.000000,0.000000,0,0.00
3.050000,-0.093,-0.186794,-0.186794,6.000,9.72,-0.181295,0.186794,0.000000,0.000000,0.092,0.125,0.000000,0.000000,0.000000,0.000000,0.000000,0.000000,0,0.00
3.060000,-0.094,-0.187216,-0.187216,6.000,9.72,-0.181845,0.187216,0.000000,0.000000,0.093,0.125,0.000000,0.000000,0.000000,0.000000,0.000000,0.000000,0,0.00
3.070000,-0.094,-0.187614,-0.187614,6.000,9.72,-0.182382,0.187614,0.000000,0.000000,0.093,0.125,0.000000,0.000000,0.000000,0.000000,0.000000,0.000000,0,0.00
3.080000,-0.094,-0.187995,-0.187995,6.000,9.72,-0.182905,0.187995,0.000000,0.000000,0.093,0.125,0.000000,0.000000,0.000000,0.000000,0.000000,0.000000,0,0.00
3.090000,-0.094,-0.188354,-0.188354,6.000,9.72,-0.183414,0.188354,0.000000,0.000000,0.093,0.126,0.000000,0.000000,0.000000,0.000000,0.000000,0.000000,0,0.00
3.100000,-0.094,-0.188740,-0.188740,6.000,9.72,-0.183908,0.188740,0.000000,0.000000,0.094,0.126,0.000000,0.000000,0.000000,0.000000,0.000000,0.000000,0,0.00
3.110000,-0.095,-0.189164,-0.189164,6.000,9.72,-0.184391,0.189164,0.000000,0.000000,0.094,0.126,0.000000,0.000000,0.000000,0.000000,0.000000,0.000000,0,0.00
3.120000,-0.095,-0.189610,-0.189610,6.000,9.72,-0.184869,0.189610,0.000000,0.000000,0.094,0.126,0.000000,0.000000,0.000000,0.000000,0.000000,0.000000,0,0.00
3.130000,-0.095,-0.190093,-0.190093,6.000,9.72,-0.185343,0.190093,0.000000,0.000000,0.094,0.127,0.000000,0.000000,0.000000,0.000000,0.000000,0.000000,0,0.00
3.140000,-0.095,-0.190592,-0.190592,6.000,9.72,-0.185818,0.190592,0.000000,0.000000,0.094,0.127,0.000000,0.000000,0.000000,0.000000,0.000000,0.000000,0,0.00
3.150000,-0.096,-0.191105,-0.191105,6.000,9.72,-0.186295,0.191105,0.000000,0.000000,0.095,0.127,0.000000,0.000000,0.000000,0.000000,0.000000,0.000000,0,0.00
3.160000,-0.096,-0.191588,-0.191588,6.000,9.72,-0.186776,0.191588,0.000000,0.000000,0.095,0.128,0.000000,0.000000,0.000000,0.000000,0.000000,0.000000,0,0.00
3.170000,-0.096,-0.192049,-0.192049,6.000,9.72,-0.187257,0.192049,0.000000,0.000000,0.095,0.128,0.000000,0.000000,0.000000,0.000000,0.000000,0.000000,0,0.00
3.180000,-0.096,-0.192494,-0.192494,6.000,9.72,-0.187736,0.192494,0.000000,0.000000,0.095,0.128,0.000000,0.000000,0.000000,0.000000,0.000000,0.000000,0,0.00
3.190000,-0.096,-0.192831,-0.192831,6.000,9.72,-0.188212,0.192831,0.000000,0.000000,0.096,0.129,0.000000,0.000000,0.000000,0.000000,0.000000,0.000000,0,0.00
3.200000,-0.097,-0.193152,-0.193152,6.000,9.72,-0.188674,0.193152,0.000000,0.000000,0.096,0.129,0.000000,0.000000,0.000000,0.000000,0.000000,0.000000,0,0.00
3.210000,-0.097,-0.193631,-0.193631,6.000,9.72,-0.189122,0.193631,0.000000,0.000000,0.096,0.129,0.000000,0.000000,0.000000,0.000000,0.000000,0.000000,0,0.00
3.220000,-0.097,-0.194240,-0.194240,6.000,9.72,-0.189572,0.194240,0.000000,0.000000,0.096,0.129,0.000000,0.000000,0.000000,0.000000,0.000000,0.000000,0,0.00
3.230000,-0.097,-0.194932,-0.194932,6.000,9.72,-0.190039,0.194932,0.000000,0.000000,0.096,0.130,0.000000,0.000000,0.000000,0.000000,0.000000,0.000000,0,0.00
3.240000,-0.098,-0.195657,-0.195657,6.000,9.72,-0.190528,0.195657,0.000000,0.000000,0.097,0.130,0.000000,0.000000,0.000000,0.000000,0.000000,0.000000,0,0.00
3.250000,-0.098,-0.196405,-0.196405,6.000,9.72,-0.191041,0.196405,0.000000,0.000000,0.097,0.131,0.000000,0.000000,0.000000,0.000000,0.000000,0.000000,0,0.00
3.260000,-0.099,-0.197178,-0.197178,6.000,9.72,-0.191578,0.197178,0.000000,0.000000,0.097,0.131,0.000000,0.000000,0.000000,0.000000,0.000000,0.000000,0,0.00
3.270000,-0.099,-0.197966,-0.197966,6.000,9.72,-0.192138,0.197966,0.000000,0.000000,0.097,0.132,0.000000,0.000000,0.000000,0.000000,0.000000,0.000000,0,0.00
3.280000,-0.099,-0.198718,-0.198718,6.000,9.72,-0.192720,0.198718,0.000000,0.000000,0.098,0.132,0.000000,0.000000,0.000000,0.000000,0.000000,0.000000,0,0.00
3.290000,-0.100,-0.199438,-0.199438,6.000,9.72,-0.193320,0.199438,0.000000,0.000000,0.098,0.133,0.000000,0.000000,0.000000,0.000000,0.000000,0.000000,0,0.00
3.300000,-0.100,-0.200131,-0.200131,6.000,9.72,-0.193932,0.200131,0.000000,0.000000,0.099,0.133,0.000000,0.000000,0.000000,0.000000,0.000000,0.000000,0,0.00
3.310000,-0.100,-0.200800,-0.200800,6.000,9.72,-0.194552,0.200800,0.000000,0.000000,0.099,0.134,0.000000,0.000000,0.000000,0.000000,0.000000,0.000000,0,0.00
3.320000,-0.101,-0.201487,-0.201487,6.000,9.72,-0.195176,0.201487,0.000000,0.000000,0.099,0.134,0.000000,0.000000,0.000000,0.000000,0.000000,0.000000,0,0.00
3.330000,-0.101,-0.202212,-0.202212,6.000,9.72,-0.195807,0.202212,0.000000,0.000000,0.100,0.135,0.000000,0.000000,0.000000,0.000000,0.000000,0.000000,0,0.00
3.340000,-0.101,-0.202966,-0.202966,6.000,9.72,-0.196448,0.202966,0.000000,0.000000,0.100,0.135,0.000000,0.000000,0.000000,0.000000,0.000000,0.000000,0,0.00
3.350000,-0.102,-0.203749,-0.203749,6.000,9.72,-0.197100,0.203749,0.000000,0.000000,0.100,0.136,0.000000,0.000000,0.000000,0.000000,0.000000,0.000000,0,0.00
3.360000,-0.102,-0.204556,-0.204556,6.000,9.72,-0.197765,0.204556,0.000000,0.000000,0.101,0.136,0.000000,0.000000,0.000000,0.000000,0.000000,0.000000,0,0.00
3.370000,-0.103,-0.205381,-0.205381,6.000,9.72,-0.198444,0.205381,0.000000,0.000000,0.101,0.137,0.000000,0.000000,0.000000,0.000000,0.000000,0.000000,0,0.00
3.380000,-0.103,-0.206201,-0.206201,6.000,9.72,-0.199137,0.206201,0.000000,0.000000,0.101,0.137,0.000000,0.000000,0.000000,0.000000,0.000000,0.000000,0,0.00
3.390000,-0.104,-0.207047,-0.207047,6.000,9.72,-0.199844,0.207047,0.000000,0.000000,0.102,0.138,0.000000,0.000000,0.000000,0.000000,0.000000,0.000000,0,0.00
3.400000,-0.104,-0.207896,-0.207896,6.000,9.72,-0.200564,0.207896,0.000000,0.000000,0.102,0.139,0.000000,0.000000,0.000000,0.000000,0.000000,0.000000,0,0.00
3.410000,-0.104,-0.208700,-0.208700,6.000,9.72,-0.201297,0.208700,0.000000,0.000000,0.103,0.139,0.000000,0.000000,0.000000,0.000000,0.000000,0.000000,0,0.00
3.420000,-0.105,-0.209469,-0.209469,6.000,9.72,-0.202037,0.209469,0.000000,0.000000,0.103,0.140,0.000000,0.000000,0.000000,0.000000,0.000000,0.000000,0,0.00
3.430000,-0.105,-0.210254,-0.210254,6.000,9.72,-0.202781,0.210254,0.000000,0.000000,0.104,0.140,0.000000,0.000000,0.000000,0.000000,0.000000,0.000000,0,0.00
3.440000,-0.106,-0.211057,-0.211057,6.000,9.72,-0.203528,0.211057,0.000000,0.000000,0.104,0.141,0.000000,0.000000,0.000000,0.000000,0.000000,0.000000,0,0.00
3.450000,-0.106,-0.211879,-0.211879,6.000,9.72,-0.204281,0.211879,0.000000,0.000000,0.104,0.141,0.000000,0.000000,0.000000,0.000000,0.000000,0.000000,0,0.00
3.460000,-0.106,-0.212758,-0.212758,6.000,9.72,-0.205040,0.212758,0.000000,0.000000,0.105,0.142,0.000000,0.000000,0.000000,0.000000,0.000000,0.000000,0,0.00
3.470000,-0.107,-0.213663,-0.213663,6.000,9.72,-0.205812,0.213663,0.000000,0.000000,0.105,0.142,0.000000,0.000000,0.000000,0.000000,0.000000,0.000000,0,0.00
3.480000,-0.107,-0.214589,-0.214589,6.000,9.72,-0.206597,0.214589,0.000000,0.000000,0.106,0.143,0.000000,0.000000,0.000000,0.000000,0.000000,0.000000,0,0.00
3.490000,-0.108,-0.215532,-0.215532,6.000,9.72,-0.207396,0.215532,0.000000,0.000000,0.106,0.144,0.000000,0.000000,0.000000,0.000000,0.000000,0.000000,0,0.00
3.500000,-0.108,-0.216488,-0.216488,6.000,9.72,-0.208210,0.216488,0.000000,0.000000,0.106,0.144,0.000000,0.000000,0.000000,0.000000,0.000000,0.000000,0,0.00
3.510000,-0.109,-0.217431,-0.217431,6.000,9.72,-0.209038,0.217431,0.000000,0.000000,0.107,0.145,0.000000,0.000000,0.000000,0.000000,0.000000,0.000000,0,0.00
3.520000,-0.109,-0.218948,-0.218948,6.000,9.72,-0.209877,0.218948,0.000000,0.000000,0.107,0.146,0.000000,0.000000,0.000000,0.000000,0.000000,0.000000,0,0.00
3.530000,-0.110,-0.220241,-0.220241,6.000,9.72,-0.210784,0.220241,0.000000,0.000000,0.108,0.147,0.000000,0.000000,0.000000,0.000000,0.000000,0.000000,0,0.00
3.540000,-0.111,-0.221685,-0.221685,6.000,9.72,-0.211730,0.221685,0.000000,0.000000,0.108,0.148,0.000000,0.000000,0.000000,0.000000,0.000000,0.000000,0,0.00
3.550000,-0.111,-0.222919,-0.222919,6.000,9.72,-0.212725,0.222919,0.000000,0.000000,0.109,0.149,0.000000,0.000000,0.000000,0.000000,0.000000,0.000000,0,0.00
3.560000,-0.112,-0.224008,-0.224008,6.000,9.72,-0.213744,0.224008,0.000000,0.000000,0.109,0.149,0.000000,0.000000,0.000000,0.000000,0.000000,0.000000,0,0.00
3.570000,-0.112,-0.224994,-0.224994,6.000,9.72,-0.214770,0.224994,0.000000,0.000000,0.110,0.150,0.000000,0.000000,0.000000,0.000000,0.000000,0.000000,0,0.00
3.580000,-0.113,-0.225916,-0.225916,6.000,9.72,-0.215793,0.225916,0.000000,0.000000,0.111,0.151,0.000000,0.000000,0.000000,0.000000,0.000000,0.000000,0,0.00
3.590000,-0.113,-0.226847,-0.226847,6.000,9.72,-0.216805,0.226847,0.000000,0.000000,0.111,0.151,0.000000,0.000000,0.000000,0.000000,0.000000,0.000000,0,0.00
3.600000,-0.114,-0.227779,-0.227779,6.000,9.72,-0.217809,0.227779,0.000000,0.000000,0.112,0.152,0.000000,0.000000,0.000000,0.000000,0.000000,0.000000,0,0.00
3.610000,-0.114,-0.228723,-0.228723,6.000,9.72,-0.218806,0.228723,0.000000,0.000000,0.112,0.152,0.000000,0.000000,0.000000,0.000000,0.000000,0.000000,0,0.00
3.620000,-0.115,-0.229689,-0.229689,6.000,9.72,-0.219797,0.229689,0.000000,0.000000,0.113,0.153,0.000000,0.000000,0.000000,0.000000,0.000000,0.000000,0,0.00
3.630000,-0.115,-0.230655,-0.230655,6.000,9.72,-0.220787,0.230655,0.000000,0.000000,0.113,0.154,0.000000,0.000000,0.000000,0.000000,0.000000,0.000000,0,0.00
3.640000,-0.116,-0.231630,-0.231630,6.000,9.72,-0.221773,0.231630,0.000000,0.000000,0.114,0.154,0.000000,0.000000,0.000000,0.000000,0.000000,0.000000,0,0.00
3.650000,-0.117,-0.233230,-0.233230,6.000,9.72,-0.222759,0.233230,0.000000,0.000000,0.114,0.155,0.000000,0.000000,0.000000,0.000000,0.000000,0.000000,0,0.00
3.660000,-0.117,-0.234656,-0.234656,6.000,9.72,-0.223806,0.234656,0.000000,0.000000,0.115,0.156,0.000000,0.000000,0.000000,0.000000,0.000000,0.000000,0,0.00
3.670000,-0.118,-0.235992,-0.235992,6.000,9.72,-0.224891,0.235992,0.000000,0.000000,0.115,0.157,0.000000,0.000000,0.000000,0.000000,0.000000,0.000000,0,0.00
3.680000,-0.119,-0.237246,-0.237246,6.000,9.72,-0.226001,0.237246,0.000000,0.000000,0.116,0.158,0.000000,0.000000,0.000000,0.000000,0.000000,0.000000,0,0.00
3.690000,-0.119,-0.238451,-0.238451,6.000,9.72,-0.227125,0.238451,0.000000,0.000000,0.117,0.159,0.000000,0.000000,0.000000,0.000000,0.000000,0.000000,0,0.00
3.700000,-0.120,-0.239630,-0.239630,6.000,9.72,-0.228258,0.239630,0.000000,0.000000,0.117,0.160,0.000000,0.000000,0.000000,0.000000,0.000000,0.000000,0,0.00
3.710000,-0.120,-0.240801,-0.240801,6.000,9.72,-0.229395,0.240801,0.000000,0.000000,0.118,0.161,0.000000,0.000000,0.000000,0.000000,0.000000,0.000000,0,0.00
3.720000,-0.121,-0.242028,-0.242028,6.000,9.72,-0.230535,0.242028,0.000000,0.000000,0.119,0.161,0.000000,0.000000,0.000000,0.000000,0.000000,0.000000,0,0.00
3.730000,-0.121,-0.241797,-0.241797,6.000,9.72,-0.231685,0.241797,0.000000,0.000000,0.119,0.161,0.000000,0.000000,0.000000,0.000000,0.000000,0.000000,0,0.00
3.740000,-0.121,-0.242707,-0.242707,6.000,9.72,-0.232696,0.242707,0.000000,0.000000,0.120,0.162,0.000000,0.000000,0.000000,0.000000,0.000000,0.000000,0,0.00
3.750000,-0.122,-0.243821,-0.243821,6.000,9.72,-0.233697,0.243821,0.000000,0.000000,0.120,0.163,0.000000,0.000000,0.000000,0.000000,0.000000,0.000000,0,0.00
3.760000,-0.123,-0.245089,-0.245089,6.000,9.72,-0.234709,0.245089,0.000000,0.000000,0.121,0.163,0.000000,0.000000,0.000000,0.000000,0.000000,0.000000,0,0.00
3.770000,-0.123,-0.246472,-0.246472,6.000,9.72,-0.235747,0.246472,0.000000,0.000000,0.121,0.164,0.000000,0.000000,0.000000,0.000000,0.000000,0.000000,0,0.00
3.780000,-0.124,-0.247981,-0.247981,6.000,9.72,-0.236820,0.247981,0.000000,0.000000,0.121,0.165,0.000000,0.000000,0.000000,0.000000,0.000000,0.000000,0,0.00
3.790000,-0.125,-0.249637,-0.249637,6.000,9.72,-0.237936,0.249637,0.000000,0.000000,0.122,0.166,0.000000,0.000000,0.000000,0.000000,0.000000,0.000000,0,0.00
3.800000,-0.126,-0.251361,-0.251361,6.000,9.72,-0.239106,0.251361,0.000000,0.000000,0.123,0.168,0.000000,0.000000,0.000000,0.000000,0.000000,0.000000,0,0.00
3.810000,-0.127,-0.253125,-0.253125,6.000,9.72,-0.240331,0.253125,0.000000,0.000000,0.123,0.169,0.000000,0.000000,0.000000,0.000000,0.000000,0.000000,0,0.00
3.820000,-0.127,-0.254929,-0.254929,6.000,9.72,-0.241611,0.254929,0.000000,0.000000,0.124,0.170,0.000000,0.000000,0.000000,0.000000,0.000000,0.000000,0,0.00
3.830000,-0.128,-0.256756,-0.256756,6.000,9.72,-0.242942,0.256756,0.000000,0.000000,0.125,0.171,0.000000,0.000000,0.000000,0.000000,0.000000,0.000000,0,0.00
3.840000,-0.129,-0.258557,-0.258557,6.000,9.72,-0.244324,0.258557,0.000000,0.000000,0.126,0.172,0.000000,0.000000,0.000000,0.000000,0.000000,0.000000,0,0.00
3.850000,-0.130,-0.260385,-0.260385,6.000,9.72,-0.245747,0.260385,0.000000,0.000000,0.127,0.174,0.000000,0.000000,0.000000,0.000000,0.000000,0.000000,0,0.00
3.860000,-0.131,-0.262180,-0.262180,6.000,9.72,-0.247211,0.262180,0.000000,0.000000,0.127,0.175,0.000000,0.000000,0.000000,0.000000,0.000000,0.000000,0,0.00
3.870000,-0.132,-0.263912,-0.263912,6.000,9.72,-0.248708,0.263912,0.000000,0.000000,0.128,0.176,0.000000,0.000000,0.000000,0.000000,0.000000,0.000000,0,0.00
3.880000,-0.133,-0.265590,-0.265590,6.000,9.72,-0.250228,0.265590,0.000000,0.000000,0.129,0.177,0.000000,0.000000,0.000000,0.000000,0.000000,0.000000,0,0.00
3.890000,-0.134,-0.267228,-0.267228,6.000,9.72,-0.251764,0.267228,0.000000,0.000000,0.130,0.178,0.000000,0.000000,0.000000,0.000000,0.000000,0.000000,0,0.00
3.900000,-0.134,-0.268837,-0.268837,6.000,9.72,-0.253311,0.268837,0.000000,0.000000,0.131,0.179,0.000000,0.000000,0.000000,0.000000,0.000000,0.000000,0,0.00
3.910000,-0.135,-0.270472,-0.270472,6.000,9.72,-0.254863,0.270472,0.000000,0.000000,0.132,0.180,0.000000,0.000000,0.000000,0.000000,0.000000,0.000000,0,0.00
3.920000,-0.136,-0.272195,-0.272195,6.000,9.72,-0.256424,0.272195,0.000000,0.000000,0.133,0.181,0.000000,0.000000,0.000000,0.000000,0.000000,0.000000,0,0.00
3.930000,-0.137,-0.273952,-0.273952,6.000,9.72,-0.258001,0.273952,0.000000,0.000000,0.134,0.183,0.000000,0.000000,0.000000,0.000000,0.000000,0.000000,0,0.00
3.940000,-0.138,-0.275736,-0.275736,6.000,9.72,-0.259596,0.275736,0.000000,0.000000,0.134,0.184,0.000000,0.000000,0.000000,0.000000,0.000000,0.000000,0,0.00
3.950000,-0.139,-0.277571,-0.277571,6.000,9.72,-0.261210,0.277571,0.000000,0.000000,0.135,0.185,0.000000,0.000000,0.000000,0.000000,0.000000,0.000000,0,0.00
3.960000,-0.140,-0.279401,-0.279401,6.000,9.72,-0.262846,0.279401,0.000000,0.000000,0.136,0.186,0.000000,0.000000,0.000000,0.000000,0.000000,0.000000,0,0.00
3.970000,-0.141,-0.281235,-0.281235,6.000,9.72,-0.264502,0.281235,0.000000,0.000000,0.137,0.187,0.000000,0.000000,0.000000,0.000000,0.000000,0.000000,0,0.00
3.980000,-0.142,-0.283121,-0.283121,6.000,9.72,-0.266175,0.283121,0.000000,0.000000,0.138,0.189,0.000000,0.000000,0.000000,0.000000,0.000000,0.000000,0,0.00
3.990000,-0.143,-0.285047,-0.285047,6.000,9.72,-0.267869,0.285047,0.000000,0.000000,0.139,0.190,0.000000,0.000000,0.000000,0.000000,0.000000,0.000000,0,0.00
4.000000,-0.143,-0.286964,-0.286964,6.000,9.72,-0.269587,0.286964,0.000000,0.000000,0.140,0.191,0.000000,0.000000,0.000000,0.000000,0.000000,0.000000,0,0.00
4.010000,-0.144,-0.288872,-0.288872,6.000,9.72,-0.271325,0.288872,0.000000,0.000000,0.141,0.193,0.000000,0.000000,0.000000,0.000000,0.000000,0.000000,0,0.00
4.020000,-0.145,-0.290748,-0.290748,6.000,9.72,-0.273079,0.290748,0.000000,0.000000,0.142,0.194,0.000000,0.000000,0.000000,0.000000,0.000000,0.000000,0,0.00
4.030000,-0.146,-0.292600,-0.292600,6.000,9.72,-0.274846,0.292600,0.000000,0.000000,0.143,0.195,0.000000,0.000000,0.000000,0.000000,0.000000,0.000000,0,0.00
4.040000,-0.147,-0.294436,-0.294436,6.000,9.72,-0.276621,0.294436,0.000000,0.000000,0.143,0.196,0.000000,0.000000,0.000000,0.000000,0.000000,0.000000,0,0.00
4.050000,-0.148,-0.296358,-0.296358,6.000,9.72,-0.278403,0.296358,0.000000,0.000000,0.144,0.198,0.000000,0.000000,0.000000,0.000000,0.000000,0.000000,0,0.00
4.060000,-0.148,-0.295913,-0.295913,6.000,9.72,-0.280198,0.295913,0.000000,0.000000,0.145,0.197,0.000000,0.000000,0.000000,0.000000,0.000000,0.000000,0,0.00
4.070000,-0.149,-0.297331,-0.297331,6.000,9.72,-0.281770,0.297331,0.000000,0.000000,0.146,0.198,0.000000,0.000000,0.000000,0.000000,0.000000,0.000000,0,0.00
4.080000,-0.150,-0.299085,-0.299085,6.000,9.72,-0.283326,0.299085,0.000000,0.000000,0.147,0.199,0.000000,0.000000,0.000000,0.000000,0.000000,0.000000,0,0.00
4.090000,-0.151,-0.300000,-0.300000,6.000,9.72,-0.284902,0.301074,0.000000,0.000000,0.148,0.200,0.000000,0.000000,0.000000,0.000000,0.000000,0.000000,0,0.00
4.100000,-0.152,-0.300000,-0.300000,6.000,9.72,-0.286411,0.303205,0.000000,0.000000,0.148,0.200,0.000000,0.000000,0.000000,0.000000,0.000000,0.000000,0,0.00
4.110000,-0.153,-0.300000,-0.300000,6.000,9.72,-0.287770,0.305404,0.000000,0.000000,0.149,0.200,0.000000,0.000000,0.000000,0.000000,0.000000,0.000000,0,0.00
4.120000,-0.154,-0.300000,-0.300000,6.000,9.72,-0.288993,0.307683,0.000000,0.000000,0.150,0.200,0.000000,0.000000,0.000000,0.000000,0.000000,0.000000,0,0.00
4.130000,-0.155,-0.300000,-0.300000,6.000,9.72,-0.290094,0.309946,0.000000,0.000000,0.151,0.200,0.000000,0.000000,0.000000,0.000000,0.000000,0.000000,0,0.00
4.140000,-0.156,-0.300000,-0.300000,6.000,9.72,-0.291084,0.312170,0.000000,0.000000,0.152,0.200,0.000000,0.000000,0.000000,0.000000,0.000000,0.000000,0,0.00
4.150000,-0.157,-0.300000,-0.300000,6.000,9.72,-0.291976,0.314342,0.000000,0.000000,0.153,0.200,0.000000,0.000000,0.000000,0.000000,0.000000,0.000000,0,0.00
4.160000,-0.158,-0.300000,-0.300000,6.000,9.72,-0.292778,0.316396,0.000000,0.000000,0.154,0.200,0.000000,0.000000,0.000000,0.000000,0.000000,0.000000,0,0.00
4.170000,-0.159,-0.300000,-0.300000,6.000,9.72,-0.293500,0.318354,0.000000,0.000000,0.155,0.200,0.000000,0.000000,0.000000,0.000000,0.000000,0.000000,0,0.00
4.180000,-0.160,-0.300000,-0.300000,6.000,9.72,-0.294150,0.320229,0.000000,0.000000,0.156,0.200,0.000000,0.000000,0.000000,0.000000,0.000000,0.000000,0,0.00
4.190000,-0.161,-0.300000,-0.300000,6.000,9.72,-0.294735,0.322089,0.000000,0.000000,0.157,0.200,0.000000,0.000000,0.000000,0.000000,0.000000,0.000000,0,0.00
4.200000,-0.162,-0.300000,-0.300000,6.000,9.72,-0.295261,0.323957,0.000000,0.000000,0.158,0.200,0.000000,0.000000,0.000000,0.000000,0.000000,0.000000,0,0.00
4.210000,-0.163,-0.300000,-0.300000,6.000,9.71,-0.295735,0.325834,0.000000,0.000000,0.159,0.200,0.000000,0.000000,0.000000,0.000000,0.000000,0.000000,0,0.00
4.220000,-0.164,-0.300000,-0.300000,6.000,9.72,-0.296161,0.327718,0.000000,0.000000,0.160,0.200,0.000000,0.000000,0.000000,0.000000,0.000000,0.000000,0,0.00
4.230000,-0.165,-0.300000,-0.300000,6.000,9.72,-0.296545,0.329607,0.000000,0.000000,0.161,0.200,0.000000,0.000000,0.000000,0.000000,0.000000,0.000000,0,0.00
4.240000,-0.166,-0.300000,-0.300000,6.000,9.72,-0.296890,0.331498,0.000000,0.000000,0.162,0.200,0.000000,0.000000,0.000000,0.000000,0.000000,0.000000,0,0.00
4.250000,-0.167,-0.300000,-0.300000,6.000,9.72,-0.297201,0.333329,0.000000,0.000000,0.163,0.200,0.000000,0.000000,0.000000,0.000000,0.000000,0.000000,0,0.00
4.260000,-0.168,-0.300000,-0.300000,6.000,9.72,-0.297481,0.335170,0.000000,0.000000,0.164,0.200,0.000000,0.000000,0.000000,0.000000,0.000000,0.000000,0,0.00
4.270000,-0.168,-0.300000,-0.300000,6.000,9.72,-0.297733,0.336955,0.000000,0.000000,0.165,0.200,0.000000,0.000000,0.000000,0.000000,0.000000,0.000000,0,0.00
4.280000,-0.169,-0.300000,-0.300000,6.000,9.72,-0.297959,0.338670,0.000000,0.000000,0.166,0.200,0.000000,0.000000,0.000000,0.000000,0.000000,0.000000,0,0.00
4.290000,-0.170,-0.300000,-0.300000,6.000,9.72,-0.298163,0.340333,0.000000,0.000000,0.167,0.200,0.000000,0.000000,0.000000,0.000000,0.000000,0.000000,0,0.00
4.300000,-0.171,-0.300000,-0.300000,6.000,9.72,-0.298347,0.341955,0.000000,0.000000,0.168,0.200,0.000000,0.000000,0.000000,0.000000,0.000000,0.000000,0,0.00
4.310000,-0.172,-0.300000,-0.300000,6.000,9.72,-0.298512,0.343590,0.000000,0.000000,0.168,0.200,0.000000,0.000000,0.000000,0.000000,0.000000,0.000000,0,0.00
4.320000,-0.173,-0.300000,-0.300000,6.000,9.72,-0.298661,0.345238,0.000000,0.000000,0.169,0.200,0.000000,0.000000,0.000000,0.000000,0.000000,0.000000,0,0.00
4.330000,-0.173,-0.300000,-0.300000,6.000,9.72,-0.298795,0.346900,0.000000,0.000000,0.170,0.200,0.000000,0.000000,0.000000,0.000000,0.000000,0.000000,0,0.00
4.340000,-0.174,-0.300000,-0.300000,6.000,9.72,-0.298915,0.348554,0.000000,0.000000,0.171,0.200,0.000000,0.000000,0.000000,0.000000,0.000000,0.000000,0,0.00
4.350000,-0.175,-0.300000,-0.300000,6.000,9.72,-0.299023,0.350119,0.000000,0.000000,0.172,0.200,0.000000,0.000000,0.000000,0.000000,0.000000,0.000000,0,0.00
4.360000,-0.176,-0.300000,-0.300000,6.000,9.72,-0.299121,0.351623,0.000000,0.000000,0.173,0.200,0.000000,0.000000,0.000000,0.000000,0.000000,0.000000,0,0.00
4.370000,-0.177,-0.300000,-0.300000,6.000,9.72,-0.299209,0.353071,0.000000,0.000000,0.173,0.200,0.000000,0.000000,0.000000,0.000000,0.000000,0.000000,0,0.00
4.380000,-0.177,-0.300000,-0.300000,6.000,9.72,-0.299288,0.354501,0.000000,0.000000,0.174,0.200,0.000000,0.000000,0.000000,0.000000,0.000000,0.000000,0,0.00
4.390000,-0.178,-0.300000,-0.300000,6.000,9.72,-0.299359,0.355911,0.000000,0.000000,0.175,0.200,0.000000,0.000000,0.000000,0.000000,0.000000,0.000000,0,0.00
4.400000,-0.179,-0.300000,-0.300000,6.000,9.72,-0.299423,0.357244,0.000000,0.000000,0.176,0.200,0.000000,0.000000,0.000000,0.000000,0.000000,0.000000,0,0.00
4.410000,-0.179,-0.300000,-0.300000,6.000,9.72,-0.299481,0.358552,0.000000,0.000000,0.177,0.200,0.000000,0.000000,0.000000,0.000000,0.000000,0.000000,0,0.00
4.420000,-0.180,-0.300000,-0.300000,6.000,9.72,-0.299532,0.359869,0.000000,0.000000,0.177,0.200,0.000000,0.000000,0.000000,0.000000,0.000000,0.000000,0,0.00
4.430000,-0.181,-0.300000,-0.300000,6.000,9.72,-0.299579,0.361116,0.000000,0.000000,0.178,0.200,0.000000,0.000000,0.000000,0.000000,0.000000,0.000000,0,0.00
4.440000,-0.181,-0.300000,-0.300000,6.000,9.72,-0.299621,0.362303,0.000000,0.000000,0.179,0.200,0.000000,0.000000,0.000000,0.000000,0.000000,0.000000,0,0.00
4.450000,-0.182,-0.300000,-0.300000,6.000,9.72,-0.299659,0.363419,0.000000,0.000000,0.179,0.200,0.000000,0.000000,0.000000,0.000000,0.000000,0.000000,0,0.00
4.460000,-0.182,-0.300000,-0.300000,6.000,9.72,-0.299693,0.364456,0.000000,0.000000,0.180,0.200,0.000000,0.000000,0.000000,0.000000,0.000000,0.000000,0,0.00
4.470000,-0.183,-0.300000,-0.300000,6.000,9.72,-0.299723,0.365356,0.000000,0.000000,0.181,0.200,0.000000,0.000000,0.000000,0.000000,0.000000,0.000000,0,0.00
4.480000,-0.183,-0.300000,-0.300000,6.000,9.72,-0.299751,0.366161,0.000000,0.000000,0.181,0.200,0.000000,0.000000,0.000000,0.000000,0.000000,0.000000,0,0.00
4.490000,-0.183,-0.300000,-0.300000,6.000,9.72,-0.299775,0.366850,0.000000,0.000000,0.182,0.200,0.000000,0.000000,0.000000,0.000000,0.000000,0.000000,0,0.00
4.500000,-0.184,-0.300000,-0.300000,6.000,9.72,-0.299798,0.367418,0.000000,0.000000,0.182,0.200,0.000000,0.000000,0.000000,0.000000,0.000000,0.000000,0,0.00
4.510000,-0.184,-0.300000,-0.300000,6.000,9.72,-0.299818,0.367855,0.000000,0.000000,0.183,0.200,0.000000,0.000000,0.000000,0.000000,0.000000,0.000000,0,0.00
4.520000,-0.184,-0.300000,-0.300000,6.000,9.72,-0.299836,0.368145,0.000000,0.000000,0.183,0.200,0.000000,0.000000,0.000000,0.000000,0.000000,0.000000,0,0.00
4.530000,-0.184,-0.300000,-0.300000,6.000,9.72,-0.299852,0.368299,0.000000,0.000000,0.183,0.200,0.000000,0.000000,0.000000,0.000000,0.000000,0.000000,0,0.00
4.540000,-0.184,-0.300000,-0.300000,6.000,9.72,-0.299866,0.368253,0.000000,0.000000,0.184,0.200,0.000000,0.000000,0.000000,0.000000,0.000000,0.000000,0,0.00
4.550000,-0.184,-0.300000,-0.300000,6.000,9.72,-0.299879,0.368001,0.000000,0.000000,0.184,0.200,0.000000,0.000000,0.000000,0.000000,0.000000,0.000000,0,0.00
4.560000,-0.184,-0.300000,-0.300000,6.000,9.72,-0.299891,0.367581,0.000000,-0.000000,0.184,0.200,0.000000,0.000000,0.000000,0.000000,0.000000,0.000000,0,0.00
4.570000,-0.183,-0.300000,-0.300000,6.000,9.72,-0.299902,0.366960,0.000000,-0.000000,0.184,0.200,0.000000,0.000000,0.000000,0.000000,0.000000,0.000000,0,0.00
4.580000,-0.183,-0.300000,-0.300000,6.000,9.72,-0.299911,0.366122,0.000000,-0.000000,0.184,0.200,0.000000,0.000000,0.000000,0.000000,0.000000,0.000000,0,0.00
4.590000,-0.183,-0.300000,-0.300000,6.000,9.72,-0.299920,0.365047,0.000000,-0.000000,0.184,0.200,0.000000,0.000000,0.000000,0.000000,0.000000,0.000000,0,0.00
4.600000,-0.182,-0.300000,-0.300000,6.000,9.72,-0.299927,0.363741,0.000000,-0.000000,0.184,0.200,0.000000,0.000000,0.000000,0.000000,0.000000,0.000000,0,0.00
4.610000,-0.181,-0.300000,-0.300000,6.000,9.72,-0.299934,0.362112,0.000000,-0.000000,0.183,0.200,0.000000,0.000000,0.000000,0.000000,0.000000,0.000000,0,0.00
4.620000,-0.180,-0.300000,-0.300000,6.000,9.72,-0.299941,0.360168,0.000000,-0.000000,0.183,0.200,0.000000,0.000000,0.000000,0.000000,0.000000,0.000000,0,0.00
4.630000,-0.179,-0.300000,-0.300000,6.000,9.72,-0.299946,0.357893,0.000000,-0.000000,0.183,0.200,0.000000,0.000000,0.000000,0.000000,0.000000,0.000000,0,0.00
4.640000,-0.178,-0.300000,-0.300000,6.000,9.72,-0.299951,0.355307,0.000000,-0.000000,0.182,0.200,0.000000,0.000000,0.000000,0.000000,0.000000,0.000000,0,0.00
4.650000,-0.176,-0.300000,-0.300000,6.000,9.72,-0.299956,0.352365,0.000000,-0.000000,0.181,0.200,0.000000,0.000000,0.000000,0.000000,0.000000,0.000000,0,0.00
4.660000,-0.175,-0.300000,-0.300000,6.000,9.72,-0.299960,0.349035,0.000000,-0.000000,0.180,0.200,0.000000,0.000000,0.000000,0.000000,0.000000,0.000000,0,0.00
4.670000,-0.173,-0.300000,-0.300000,6.000,9.72,-0.299963,0.345284,0.000000,-0.000000,0.179,0.200,0.000000,0.000000,0.000000,0.000000,0.000000,0.000000,0,0.00
4.680000,-0.171,-0.300000,-0.300000,6.000,9.72,-0.299967,0.341079,0.000000,-0.000000,0.178,0.200,0.000000,0.000000,0.000000,0.000000,0.000000,0.000000,0,0.00
4.690000,-0.168,-0.300000,-0.300000,6.000,9.72,-0.299970,0.336260,0.000000,-0.000000,0.176,0.200,0.000000,0.000000,0.000000,0.000000,0.000000,0.000000,0,0.00
4.700000,-0.165,-0.300000,-0.300000,6.000,9.72,-0.299972,0.330853,0.000000,-0.000000,0.175,0.200,0.000000,0.000000,0.000000,0.000000,0.000000,0.000000,0,0.00
4.710000,-0.162,-0.300000,-0.300000,6.000,9.72,-0.299975,0.324842,0.000000,-0.000000,0.173,0.200,0.000000,0.000000,0.000000,0.000000,0.000000,0.000000,0,0.00
4.720000,-0.159,-0.300000,-0.300000,6.000,9.72,-0.299977,0.318287,0.000000,-0.000000,0.171,0.200,0.000000,0.000000,0.000000,0.000000,0.000000,0.000000,0,0.00
4.730000,-0.156,-0.300000,-0.300000,6.000,9.72,-0.299979,0.311170,0.000000,-0.000000,0.168,0.200,0.000000,0.000000,0.000000,0.000000,0.000000,0.000000,0,0.00
4.740000,-0.152,-0.300000,-0.300000,6.000,9.72,-0.299981,0.303456,0.000000,-0.000000,0.165,0.200,0.000000,0.000000,0.000000,0.000000,0.000000,0.000000,0,0.00
4.750000,-0.148,-0.295098,-0.295098,6.000,9.72,-0.299982,0.295098,0.000000,-0.000000,0.162,0.197,0.000000,0.000000,0.000000,0.000000,0.000000,0.000000,0,0.00
4.760000,-0.143,-0.286085,-0.286085,6.000,9.72,-0.299494,0.286085,0.000000,-0.000000,0.159,0.191,0.000000,0.000000,0.000000,0.000000,0.000000,0.000000,0,0.00
4.770000,-0.138,-0.276230,-0.276230,6.000,9.72,-0.298153,0.276230,0.000000,-0.000000,0.156,0.184,0.000000,0.000000,0.000000,0.000000,0.000000,0.000000,0,0.00
4.780000,-0.133,-0.265702,-0.265702,6.000,9.72,-0.295961,0.265702,0.000000,-0.000000,0.152,0.177,0.000000,0.000000,0.000000,0.000000,0.000000,0.000000,0,0.00
4.790000,-0.127,-0.254519,-0.254519,6.000,9.72,-0.292936,0.254519,0.000000,-0.000000,0.148,0.170,0.000000,0.000000,0.000000,0.000000,0.000000,0.000000,0,0.00
4.800000,-0.121,-0.242669,-0.242669,6.000,9.72,-0.289095,0.242669,0.000000,-0.000000,0.143,0.162,0.000000,0.000000,0.000000,0.000000,0.000000,0.000000,0,0.00
4.810000,-0.115,-0.230123,-0.230123,6.000,9.72,-0.284453,0.230123,0.000000,-0.000000,0.138,0.153,0.000000,0.000000,0.000000,0.000000,0.000000,0.000000,0,0.00
4.820000,-0.109,-0.217089,-0.217089,6.000,9.72,-0.279020,0.217089,0.000000,-0.000000,0.133,0.145,0.000000,0.000000,0.000000,0.000000,0.000000,0.000000,0,0.00
4.830000,-0.102,-0.203352,-0.203352,6.000,9.72,-0.272828,0.203352,0.000000,-0.000000,0.127,0.136,0.000000,0.000000,0.000000,0.000000,0.000000,0.000000,0,0.00
4.840000,-0.094,-0.188669,-0.188669,6.000,9.72,-0.265881,0.188669,0.000000,-0.000000,0.121,0.126,0.000000,0.000000,0.000000,0.000000,0.000000,0.000000,0,0.00
4.850000,-0.087,-0.173085,-0.173085,6.000,9.72,-0.258161,0.173085,0.000000,-0.000000,0.115,0.115,0.000000,0.000000,0.000000,0.000000,0.000000,0.000000,0,0.00
4.860000,-0.078,-0.156559,-0.156559,6.000,9.72,-0.249654,0.156559,0.000000,-0.000000,0.109,0.104,0.000000,0.000000,0.000000,0.000000,0.000000,0.000000,0,0.00
4.870000,-0.070,-0.139082,-0.139082,6.000,9.72,-0.240346,0.139082,0.000000,-0.000000,0.102,0.093,0.000000,0.000000,0.000000,0.000000,0.000000,0.000000,0,0.00
4.880000,-0.061,-0.121974,-0.121974,6.000,9.72,-0.234424,0.121974,0.000000,-0.000000,0.094,0.081,0.000000,0.000000,0.000000,0.000000,0.000000,0.000000,0,0.00
4.890000,-0.064,-0.128764,-0.128764,6.000,9.72,-0.223184,0.128764,0.000000,-0.000000,0.087,0.086,0.000000,0.000000,0.000000,0.000000,0.000000,0.000000,0,0.00
4.900000,-0.068,-0.136348,-0.136348,6.000,9.72,-0.213744,0.136348,0.000000,-0.000000,0.078,0.091,0.000000,0.000000,0.000000,0.000000,0.000000,0.000000,0,0.00
4.910000,-0.072,-0.143244,-0.143244,6.000,9.72,-0.206004,0.143244,0.000000,0.000000,0.070,0.095,0.000000,0.000000,0.000000,0.000000,0.000000,0.000000,0,0.00
4.920000,-0.074,-0.148656,-0.148656,6.000,9.72,-0.199728,0.148656,0.000000,0.000000,0.061,0.099,0.000000,0.000000,0.000000,0.000000,0.000000,0.000000,0,0.00
4.930000,-0.076,-0.151179,-0.151179,6.000,9.72,-0.194620,0.151179,0.000000,0.000000,0.064,0.101,0.000000,0.000000,0.000000,0.000000,0.000000,0.000000,0,0.00
4.940000,-0.090,-0.179119,-0.179119,6.000,9.72,-0.232397,0.179119,0.000000,0.000000,0.068,0.119,0.000000,0.000000,0.000000,0.000000,0.000000,0.000000,0,0.00
4.950000,-0.102,-0.204591,-0.204591,6.000,9.72,-0.268145,0.204591,0.000000,0.000000,0.072,0.136,0.000000,0.000000,0.000000,0.000000,0.000000,0.000000,0,0.00
4.960000,-0.114,-0.228905,-0.228905,6.000,9.72,-0.303133,0.228905,0.000000,0.000000,0.074,0.153,0.000000,0.000000,0.000000,0.000000,0.000000,0.000000,0,0.00
4.970000,-0.126,-0.252162,-0.252162,6.000,9.72,-0.337547,0.252162,0.000000,0.000000,0.076,0.168,0.000000,0.000000,0.000000,0.000000,0.000000,0.000000,0,0.00
4.980000,-0.134,-0.267972,-0.267972,6.000,9.72,-0.358038,0.267972,0.000000,0.000000,0.090,0.179,0.000000,0.000000,0.000000,0.000000,0.000000,0.000000,0,0.00
4.990000,-0.140,-0.280149,-0.280149,6.000,9.72,-0.381840,0.280149,0.000000,0.000000,0.102,0.187,0.000000,0.000000,0.000000,0.000000,0.000000,0.000000,0,0.00
5.000000,-0.145,-0.289912,-0.289912,6.000,9.72,-0.405930,0.289912,0.000000,0.000000,0.114,0.193,0.000000,0.000000,0.000000,0.000000,0.000000,0.000000,0,0.00
5.010000,-0.149,-0.297630,-0.297630,6.000,9.72,-0.430456,0.297630,0.000000,0.000000,0.126,0.198,0.000000,0.000000,0.000000,0.000000,0.000000,0.000000,0,0.00
5.020000,-0.152,-0.300000,-0.300000,6.000,9.72,-0.455325,0.303499,0.000000,0.000000,0.134,0.200,0.000000,0.000000,0.000000,0.000000,0.000000,0.000000,0,0.00
5.030000,-0.154,-0.300000,-0.300000,6.000,9.72,-0.480498,0.307639,0.000000,0.000000,0.140,0.200,0.000000,0.000000,0.000000,0.000000,0.000000,0.000000,0,0.00
5.040000,-0.155,-0.300000,-0.300000,6.000,9.72,-0.505970,0.310121,0.000000,0.000000,0.145,0.200,0.000000,0.000000,0.000000,0.000000,0.000000,0.000000,0,0.00
5.050000,-0.156,-0.300000,-0.300000,6.000,9.72,-0.531233,0.311519,0.000000,0.000000,0.149,0.200,0.000000,0.000000,0.000000,0.000000,0.000000,0.000000,0,0.00
5.060000,-0.156,-0.300000,-0.300000,6.000,9.72,-0.556228,0.312130,0.000000,0.000000,0.152,0.200,0.000000,0.000000,0.000000,0.000000,0.000000,0.000000,0,0.00
5.070000,-0.156,-0.300000,-0.300000,6.000,9.72,-0.581011,0.312049,0.000000,0.000000,0.154,0.200,0.000000,0.000000,0.000000,0.000000,0.000000,0.000000,0,0.00
5.080000,-0.156,-0.300000,-0.300000,6.000,9.72,-0.605595,0.311324,0.000000,0.000000,0.155,0.200,0.000000,0.000000,0.000000,0.000000,0.000000,0.000000,0,0.00
5.090000,-0.155,-0.300000,-0.300000,6.000,9.72,-0.629984,0.309989,0.000000,-0.000000,0.156,0.200,0.000000,0.000000,0.000000,0.000000,0.000000,0.000000,0,0.00
5.100000,-0.154,-0.300000,-0.300000,6.000,9.72,-0.654328,0.308289,0.000000,-0.000000,0.156,0.200,0.000000,0.000000,0.000000,0.000000,0.000000,0.000000,0,0.00
5.110000,-0.153,-0.300000,-0.300000,6.000,9.72,-0.678719,0.306396,0.000000,-0.000000,0.156,0.200,0.000000,0.000000,0.000000,0.000000,0.000000,0.000000,0,0.00
5.120000,-0.152,-0.300000,-0.300000,6.000,9.72,-0.703148,0.304347,0.000000,-0.000000,0.156,0.200,0.000000,0.000000,0.000000,0.000000,0.000000,0.000000,0,0.00
5.130000,-0.151,-0.300000,-0.300000,6.000,9.72,-0.727612,0.302170,0.000000,-0.000000,0.155,0.200,0.000000,0.000000,0.000000,0.000000,0.000000,0.000000,0,0.00
5.140000,-0.150,-0.299898,-0.299898,6.000,9.72,-0.752107,0.299898,0.000000,-0.000000,0.154,0.200,0.000000,0.000000,0.000000,0.000000,0.000000,0.000000,0,0.00
5.150000,-0.149,-0.297561,-0.297561,6.000,9.72,-0.776628,0.297561,0.000000,-0.000000,0.153,0.198,0.000000,0.000000,0.000000,0.000000,0.000000,0.000000,0,0.00
5.160000,-0.148,-0.295190,-0.295190,6.000,9.72,-0.801173,0.295190,0.000000,-0.000000,0.152,0.197,0.000000,0.000000,0.000000,0.000000,0.000000,0.000000,0,0.00
5.170000,-0.146,-0.292815,-0.292815,6.000,9.72,-0.825735,0.292815,0.000000,-0.000000,0.151,0.195,0.000000,0.000000,0.000000,0.000000,0.000000,0.000000,0,0.00
5.180000,-0.145,-0.290456,-0.290456,6.000,9.72,-0.850298,0.290456,0.000000,-0.000000,0.150,0.194,0.000000,0.000000,0.000000,0.000000,0.000000,0.000000,0,0.00
5.190000,-0.144,-0.288174,-0.288174,6.000,9.72,-0.874880,0.288174,0.000000,-0.000000,0.149,0.192,0.000000,0.000000,0.000000,0.000000,0.000000,0.000000,0,0.00
5.200000,-0.143,-0.285979,-0.285979,6.000,9.72,-0.899453,0.285979,0.000000,-0.000000,0.148,0.191,0.000000,0.000000,0.000000,0.000000,0.000000,0.000000,0,0.00
5.210000,-0.142,-0.283897,-0.283897,6.000,9.72,-0.924007,0.283897,0.000000,-0.000000,0.146,0.189,0.000000,0.000000,0.000000,0.000000,0.000000,0.000000,0,0.00
5.220000,-0.141,-0.281957,-0.281957,6.000,9.72,-0.948528,0.281957,0.000000,-0.000000,0.145,0.188,0.000000,0.000000,0.000000,0.000000,0.000000,0.000000,0,0.00
5.230000,-0.140,-0.280183,-0.280183,6.000,9.72,-0.973001,0.280183,0.000000,-0.000000,0.144,0.187,0.000000,0.000000,0.000000,0.000000,0.000000,0.000000,0,0.00
5.240000,-0.139,-0.278600,-0.278600,6.000,9.72,-0.997410,0.278600,0.000000,-0.000000,0.143,0.186,0.000000,0.000000,0.000000,0.000000,0.000000,0.000000,0,0.00
5.250000,-0.139,-0.277229,-0.277229,6.000,9.72,-1.021736,0.277229,0.000000,-0.000000,0.142,0.185,0.000000,0.000000,0.000000,0.000000,0.000000,0.000000,0,0.00
5.260000,-0.132,-0.263869,-0.263869,6.000,8.18,-1.014464,0.263869,0.000000,-0.000000,0.141,0.176,0.000000,0.000000,0.000000,0.000000,0.000000,0.000000,0,0.00
5.270000,-0.123,-0.245819,-0.245819,6.000,7.31,-1.002016,0.245819,0.000000,-0.000000,0.140,0.164,0.000000,0.000000,0.000000,0.000000,0.000000,0.000000,0,0.00
5.280000,-0.113,-0.226783,-0.226783,6.000,7.79,-0.987954,0.226783,0.000000,-0.000000,0.139,0.151,0.000000,0.000000,0.000000,0.000000,0.000000,0.000000,0,0.00
5.290000,-0.104,-0.207823,-0.207823,6.000,8.18,-0.973606,0.207823,0.000000,-0.000000,0.139,0.139,0.000000,0.000000,0.000000,0.000000,0.000000,0.000000,0,0.00
5.300000,-0.093,-0.186342,-0.186342,6.000,8.49,-0.967041,0.186342,0.000000,-0.000000,0.132,0.124,0.000000,0.000000,0.000000,0.000000,0.000000,0.000000,0,0.00
5.310000,-0.083,-0.166015,-0.166015,6.000,8.73,-0.959171,0.166015,0.000000,-0.000000,0.123,0.111,0.000000,0.000000,0.000000,0.000000,0.000000,0.000000,0,0.00
5.320000,-0.074,-0.147284,-0.147284,6.000,8.93,-0.952064,0.147284,0.000000,-0.000000,0.113,0.098,0.000000,0.000000,0.000000,0.000000,0.000000,0.000000,0,0.00
5.330000,-0.065,-0.129845,-0.129845,6.000,9.09,-0.945435,0.129845,0.000000,-0.000000,0.104,0.087,0.000000,0.000000,0.000000,0.000000,0.000000,0.000000,0,0.00
5.340000,-0.057,-0.113372,-0.113372,6.000,9.21,-0.939166,0.113372,0.000000,-0.000000,0.093,0.076,0.000000,0.000000,0.000000,0.000000,0.000000,0.000000,0,0.00
5.350000,-0.049,-0.097659,-0.097659,6.000,9.31,-0.933195,0.097659,0.000000,-0.000000,0.083,0.065,0.000000,0.000000,0.000000,0.000000,0.000000,0.000000,0,0.00
5.360000,-0.041,-0.082573,-0.082573,6.000,9.40,-0.927485,0.082573,0.000000,-0.000000,0.074,0.055,0.000000,0.000000,0.000000,0.000000,0.000000,0.000000,0,0.00
5.370000,-0.034,-0.068008,-0.068008,6.000,9.46,-0.922000,0.068008,0.000000,-0.000000,0.065,0.045,0.000000,0.000000,0.000000,0.000000,0.000000,0.000000,0,0.00
5.380000,-0.027,-0.053867,-0.053867,6.000,9.51,-0.916686,0.053867,0.000000,-0.000000,0.057,0.036,0.000000,0.000000,0.000000,0.000000,0.000000,0.000000,0,0.00
5.390000,-0.020,-0.040129,-0.040129,6.000,9.55,-0.913223,0.040129,0.000000,-0.000000,0.049,0.027,0.000000,0.000000,0.000000,0.000000,0.000000,0.000000,0,0.00
5.400000,-0.014,-0.027354,-0.027354,6.000,9.59,-0.908042,0.027354,0.000000,-0.000000,0.041,0.018,0.000000,0.000000,0.000000,0.000000,0.000000,0.000000,0,0.00
5.410000,-0.007,-0.014725,-0.014725,6.000,9.61,-0.902193,0.014725,0.000000,-0.000000,0.034,0.010,0.000000,0.000000,0.000000,0.000000,0.000000,0.000000,0,0.00
5.420000,-0.001,-0.002163,-0.002163,6.000,9.63,-0.895586,0.002163,0.000000,-0.000000,0.027,0.001,0.000000,0.000000,0.000000,0.000000,0.000000,0.000000,0,0.00
5.430000,0.005,0.010346,0.010346,6.000,9.65,-0.888167,-0.010346,0.000000,-0.000000,0.020,0.007,0.000000,0.000000,0.000000,0.000000,0.000000,0.000000,0,0.00
5.440000,0.011,0.022809,0.022809,6.000,9.66,-0.879885,-0.022809,0.000000,-0.000000,0.014,0.015,0.000000,0.000000,0.000000,0.000000,0.000000,0.000000,0,0.00
5.450000,0.018,0.035242,0.035242,6.000,9.67,-0.870684,-0.035242,0.000000,-0.000000,0.007,0.023,0.000000,0.000000,0.000000,0.000000,0.000000,0.000000,0,0.00
5.460000,0.024,0.047672,0.047672,6.000,9.68,-0.860503,-0.047672,0.000000,-0.000000,0.001,0.032,0.000000,0.000000,0.000000,0.000000,0.000000,0.000000,0,0.00
5.470000,0.030,0.060139,0.060139,6.000,9.69,-0.849277,-0.060139,0.000000,-0.000000,-0.005,0.040,0.000000,0.000000,0.000000,0.000000,0.000000,0.000000,0,0.00
5.480000,0.036,0.072668,0.072668,6.000,9.70,-0.836968,-0.072668,0.000000,-0.000000,-0.011,0.048,0.000000,0.000000,0.000000,0.000000,0.000000,0.000000,0,0.00
5.490000,0.043,0.085110,0.085110,6.000,9.70,-0.823836,-0.085110,0.000000,-0.000000,-0.018,0.057,0.000000,0.000000,0.000000,0.000000,0.000000,0.000000,0,0.00
5.500000,0.049,0.097433,0.097433,6.000,9.70,-0.809975,-0.097433,0.000000,-0.000000,-0.024,0.065,0.000000,0.000000,0.000000,0.000000,0.000000,0.000000,0,0.00
5.510000,0.055,0.109646,0.109646,6.000,9.71,-0.795399,-0.109646,0.000000,-0.000000,-0.030,0.073,0.000000,0.000000,0.000000,0.000000,0.000000,0.000000,0,0.00
5.520000,0.061,0.121765,0.121765,6.000,9.71,-0.780097,-0.121765,0.000000,-0.000000,-0.036,0.081,0.000000,0.000000,0.000000,0.000000,0.000000,0.000000,0,0.00
5.530000,0.067,0.133803,0.133803,6.000,9.71,-0.764042,-0.133803,0.000000,-0.000000,-0.043,0.089,0.000000,0.000000,0.000000,0.000000,0.000000,0.000000,0,0.00
5.540000,0.073,0.145759,0.145759,6.000,9.71,-0.747195,-0.145759,0.000000,-0.000000,-0.049,0.097,0.000000,0.000000,0.000000,0.000000,0.000000,0.000000,0,0.00
5.550000,0.079,0.157626,0.157626,6.000,9.71,-0.729517,-0.157626,0.000000,-0.000000,-0.055,0.105,0.000000,0.000000,0.000000,0.000000,0.000000,0.000000,0,0.00
5.560000,0.085,0.169384,0.169384,6.000,9.71,-0.710956,-0.169384,0.000000,-0.000000,-0.061,0.113,0.000000,0.000000,0.000000,0.000000,0.000000,0.000000,0,0.00
5.570000,0.090,0.180995,0.180995,6.000,9.71,-0.691423,-0.180995,0.000000,-0.000000,-0.067,0.121,0.000000,0.000000,0.000000,0.000000,0.000000,0.000000,0,0.00
5.580000,0.096,0.192397,0.192397,6.000,9.72,-0.670802,-0.192397,0.000000,-0.000000,-0.073,0.128,0.000000,0.000000,0.000000,0.000000,0.000000,0.000000,0,0.00
5.590000,0.102,0.203577,0.203577,6.000,9.72,-0.649136,-0.203577,0.000000,-0.000000,-0.079,0.136,0.000000,0.000000,0.000000,0.000000,0.000000,0.000000,0,0.00
5.600000,0.107,0.214894,0.214894,6.000,9.72,-0.626866,-0.214894,0.000000,-0.000000,-0.085,0.143,0.000000,0.000000,0.000000,0.000000,0.000000,0.000000,0,0.00
5.610000,0.113,0.226435,0.226435,6.000,9.72,-0.603814,-0.226435,0.000000,-0.000000,-0.090,0.151,0.000000,0.000000,0.000000,0.000000,0.000000,0.000000,0,0.00
5.620000,0.119,0.238229,0.238229,6.000,9.72,-0.579782,-0.238229,0.000000,-0.000000,-0.096,0.159,0.000000,0.000000,0.000000,0.000000,0.000000,0.000000,0,0.00
5.630000,0.125,0.250269,0.250269,6.000,9.72,-0.554863,-0.250269,0.000000,-0.000000,-0.102,0.167,0.000000,0.000000,0.000000,0.000000,0.000000,0.000000,0,0.00
5.640000,0.131,0.262610,0.262610,6.000,9.72,-0.529018,-0.262610,0.000000,-0.000000,-0.107,0.175,0.000000,0.000000,0.000000,0.000000,0.000000,0.000000,0,0.00
5.650000,0.138,0.275310,0.275310,6.000,9.72,-0.502188,-0.275310,0.000000,-0.000000,-0.113,0.184,0.000000,0.000000,0.000000,0.000000,0.000000,0.000000,0,0.00
5.660000,0.144,0.288427,0.288427,6.000,9.72,-0.474292,-0.288427,0.000000,-0.000000,-0.119,0.192,0.000000,0.000000,0.000000,0.000000,0.000000,0.000000,0,0.00
5.670000,0.151,0.300000,0.300000,6.000,9.72,-0.445259,-0.302013,0.000000,-0.000000,-0.125,0.200,0.000000,0.000000,0.000000,0.000000,0.000000,0.000000,0,0.00
5.680000,0.158,0.300000,0.300000,6.000,9.72,-0.415058,-0.316117,0.000000,-0.000000,-0.131,0.200,0.000000,0.000000,0.000000,0.000000,0.000000,0.000000,0,0.00
5.690000,0.165,0.300000,0.300000,6.000,9.72,-0.384394,-0.330418,0.000000,-0.000000,-0.138,0.200,0.000000,0.000000,0.000000,0.000000,0.000000,0.000000,0,0.00
5.700000,0.173,0.300000,0.300000,6.000,9.72,-0.352955,-0.345212,0.000000,-0.000000,-0.144,0.200,0.000000,0.000000,0.000000,0.000000,0.000000,0.000000,0,0.00
5.710000,0.180,0.300000,0.300000,6.000,9.72,-0.320494,-0.360829,0.000000,-0.000000,-0.151,0.200,0.000000,0.000000,0.000000,0.000000,0.000000,0.000000,0,0.00
5.720000,0.189,0.300000,0.300000,6.000,9.72,-0.287130,-0.377166,0.000000,-0.000000,-0.158,0.200,0.000000,0.000000,0.000000,0.000000,0.000000,0.000000,0,0.00
5.730000,0.197,0.300000,0.300000,6.000,9.72,-0.252814,-0.394334,0.000000,-0.000000,-0.165,0.200,0.000000,0.000000,0.000000,0.000000,0.000000,0.000000,0,0.00
5.740000,0.206,0.300000,0.300000,6.000,9.72,-0.217467,-0.412396,0.000000,-0.000000,-0.173,0.200,0.000000,0.000000,0.000000,0.000000,0.000000,0.000000,0,0.00
5.750000,0.216,0.300000,0.300000,6.000,9.72,-0.180907,-0.431368,0.000000,-0.000000,-0.180,0.200,0.000000,0.000000,0.000000,0.000000,0.000000,0.000000,0,0.00
5.760000,0.223,0.300000,0.300000,6.000,9.72,-0.132826,-0.445529,0.000000,-0.000000,-0.189,0.200,0.000000,0.000000,0.000000,0.000000,0.000000,0.000000,0,0.00
5.770000,0.229,0.300000,0.300000,6.000,9.72,-0.079107,-0.457329,0.000000,-0.000000,-0.197,0.200,0.000000,0.000000,0.000000,0.000000,0.000000,0.000000,0,0.00
5.780000,0.233,0.300000,0.300000,6.000,9.72,-0.019409,-0.466836,0.000000,-0.000000,-0.206,0.200,0.000000,0.000000,0.000000,0.000000,0.000000,0.000000,0,0.00
5.790000,0.237,0.300000,0.300000,6.000,9.72,0.044665,-0.473993,0.000000,-0.000000,-0.216,0.200,0.000000,0.000000,0.000000,0.000000,0.000000,0.000000,0,0.00
5.800000,0.239,0.300000,0.300000,6.000,9.72,0.112332,-0.478886,0.000000,-0.000000,-0.223,0.200,0.000000,0.000000,0.000000,0.000000,0.000000,0.000000,0,0.00
5.810000,0.241,0.300000,0.300000,6.000,9.72,0.181616,-0.481709,0.000000,-0.000000,-0.229,0.200,0.000000,0.000000,0.000000,0.000000,0.000000,0.000000,0,0.00
5.820000,0.241,0.300000,0.300000,6.000,9.72,0.246663,-0.482822,0.000000,-0.000000,-0.233,0.200,0.000000,0.000000,0.000000,0.000000,0.000000,0.000000,0,0.00
5.830000,0.241,0.300000,0.300000,6.000,9.72,0.301237,-0.482616,0.000000,-0.000000,-0.237,0.200,0.000000,0.000000,0.000000,0.000000,0.000000,0.000000,0,0.00
5.840000,0.242,0.300000,0.300000,6.000,9.72,0.342997,-0.483827,0.000000,-0.000000,-0.239,0.200,0.000000,0.000000,0.000000,0.000000,0.000000,0.000000,0,0.00
5.850000,0.243,0.300000,0.300000,6.000,9.72,0.371488,-0.486025,0.000000,-0.000000,-0.241,0.200,0.000000,0.000000,0.000000,0.000000,0.000000,0.000000,0,0.00
5.860000,0.244,0.300000,0.300000,6.000,9.72,0.387298,-0.488489,0.000000,-0.000000,-0.241,0.200,0.000000,0.000000,0.000000,0.000000,0.000000,0.000000,0,0.00
5.870000,0.246,0.300000,0.300000,6.000,9.72,0.391498,-0.491290,0.000000,-0.000000,-0.241,0.200,0.000000,0.000000,0.000000,0.000000,0.000000,0.000000,0,0.00
5.880000,0.247,0.300000,0.300000,6.000,9.72,0.384480,-0.494447,0.000000,-0.000000,-0.242,0.200,0.000000,0.000000,0.000000,0.000000,0.000000,0.000000,0,0.00
5.890000,0.249,0.300000,0.300000,6.000,9.72,0.376033,-0.498506,0.000000,-0.000000,-0.243,0.200,0.000000,0.000000,0.000000,0.000000,0.000000,0.000000,0,0.00
5.900000,0.252,0.300000,0.300000,6.000,9.72,0.368430,-0.503742,0.000000,-0.000000,-0.244,0.200,0.000000,0.000000,0.000000,0.000000,0.000000,0.000000,0,0.00
5.910000,0.255,0.300000,0.300000,6.000,9.72,0.361587,-0.509906,0.000000,-0.000000,-0.246,0.200,0.000000,0.000000,0.000000,0.000000,0.000000,0.000000,0,0.00
# Log beendet. Einträge: 591
