Webots Project File version R2023b
perspectives: 000000ff00000000fd0000000300000000000001ca0000039ffc0200000001fb00000012005300630065006e0065005400720065006501000000000000039f0000000000000000000000010000023a0000041dfc0200000001fb0000001400540065007800740045006400690074006f007200000000000000041d0000004500ffffff0000000300000a000000012efc0100000002fb0000000e0043006f006e0073006f006c006501000001d0000005b00000000000000000fc0000000000000a000000000000fffffffa000000010100000002fb0000001a0043006f006e0073006f006c00650041006c006c0041006c006c0300000000000002f5000005a00000008ffb0000001a0043006f006e0073006f006c00650041006c006c0041006c006c0100000000ffffffff0000000000000000000005a00000036900000004000000040000000100000008fc00000000
simulationViewPerspectives: 000000ff000000010000000200000114000008ea0100000002010000000101
sceneTreePerspectives: 000000ff00000001000000030000001e000000c0000000fa0100000002010000000201
maximizedDockId: -1
centralWidgetVisible: 1
orthographicViewHeight: 1
textFiles: -1
consoles: Console:All:All
renderingDevicePerspectives: Little Bicycle V2:camera;1;0.583333;0;0
renderingDevicePerspectives: Little Bicycle V2:display;0;0.577083;0;0
